drug	mutation	extra_annotation	resistant	susceptible	synonymous	asynonymous	count
STR	SNP_N_1473334_C1489T_rrs	Table-10-snp	0	1	0	1	1
STR	SNP_CN_4407926_G277A_P93S_gid	Table-10-snp	0	1	0	1	1
STR	SNP_CN_4407934_A269C_L90R_gid	AJRCCM/Table-10-snp	19	10	0	29	29
STR	SNP_CN_4407932_G271C_L91V_gid	Table-10-snp	0	1	0	1	1
STR	SNP_CN_4407932_G271C_L91V_gid	IGNORE	0	1	0	1	1
STR	SNP_CN_4407931_A272G_L91P_gid	IGNORE	0	1	0	1	1
STR	SNP_CN_4407929_C274T_E92K_gid	AJRCCM/Table-10-snp	0	1	0	1	1
STR	SNP_CN_4407929_C274G_E92Q_gid	AJRCCM/Table-10-snp	3	1	0	4	4
STR	SNP_CN_4407928_T275C_E92G_gid	AJRCCM/Table-10-snp	0	1	0	1	1
STR	SNP_CN_4407925_G278T_P93Q_gid	Table-10-snp	1	0	0	1	1
STR	SNP_CN_4407910_G293A_T98I_gid	Table-10-snp	1	0	0	1	1
STR	SNP_CN_4407925_G278C_P93R_gid	Table-10-snp	1	0	0	1	1
STR	SNP_CN_4407925_G278A_P93L_gid	Table-10-snp	1	0	0	1	1
STR	SNP_CN_4407922_A281C_L94R_gid	Table-10-snp	1	0	0	1	1
STR	SNP_CN_4407922_A281C_L94R_gid	IGNORE	0	2	0	2	2
STR	SNP_CN_4407917_G286A_R96C_gid	IGNORE	0	2	0	2	2
STR	SNP_CN_4407916_C287T_R96H_gid	IGNORE	0	1	0	1	1
STR	SNP_CN_4407916_C287A_R96L_gid	AJRCCM/Table-10-snp	9	5	0	14	14
STR	SNP_CN_4407934_A269G_L90P_gid	AJRCCM/Table-10-snp	0	2	0	2	2
STR	SNP_CN_4407935_G268A_L90F_gid	AJRCCM/Table-10-snp	0	1	0	1	1
STR	SNP_CN_4407935_G268C_L90V_gid	AJRCCM/Table-10-snp	3	5	0	8	8
STR	SNP_CN_4407935_G268T_L90I_gid	AJRCCM/Table-10-snp	3	0	0	3	3
STR	SNP_CN_4407955_C248G_R83P_gid	IGNORE	0	1	0	1	1
STR	SNP_CN_4407955_C248A_R83L_gid	Table-10-snp	3	0	0	3	3
STR	SNP_CN_4407953_G250A_P84S_gid	Table-10-snp	0	1	0	1	1
STR	SNP_CN_4407952_G251A_P84L_gid	Table-10-snp	11	27	0	38	38
STR	SNP_CN_4407950_C253G_D85H_gid	Table-10-snp	0	2	0	2	2
STR	SNP_CN_4407950_C253G_D85H_gid	IGNORE	0	1	0	1	1
STR	SNP_CN_4407950_C253A_D85Y_gid	Table-10-snp	0	1	0	1	1
STR	SNP_CN_4407949_T254G_D85A_gid	Table-10-snp	2	0	0	2	2
STR	SNP_CN_4407949_T254G_D85A_gid	IGNORE	0	1	0	1	1
STR	SNP_CN_4407947_G256A_L86F_gid	AJRCCM/Table-10-snp	0	4	0	4	4
STR	SNP_CN_4407946_A257G_L86P_gid	AJRCCM/Table-10-snp	3	4	0	7	7
STR	SNP_CN_4407946_A257C_L86R_gid	AJRCCM/Table-10-snp	1	1	0	2	2
STR	SNP_CN_4407944_G259C_Q87E_gid	Table-10-snp	3	5	0	8	8
STR	SNP_CN_4407940_A263G_V88A_gid	Table-10-snp	1	0	0	1	1
STR	SNP_CN_4407937_A266C_V89G_gid	Table-10-snp	1	0	0	1	1
STR	SNP_CN_4407913_C290A_R97L_gid	Table-10-snp	0	1	0	1	1
STR	SNP_CN_4407905_A298C_F100V_gid	Table-10-snp	4	0	0	4	4
STR	SNP_CN_4407956_G247C_R83G_gid	Table-10-snp	3	1	0	4	4
STR	SNP_CN_4407820_A383G_L128S_gid	Table-10-snp	0	1	0	1	1
STR	SNP_CN_4407850_C353A_R118L_gid	Table-10-snp	1	0	0	1	1
STR	SNP_CN_4407847_G356T_A119D_gid	Table-10-snp	2	0	0	2	2
STR	SNP_CN_4407847_G356A_A119V_gid	Table-10-snp	0	1	0	1	1
STR	SNP_CN_4407845_C358T_E120K_gid	Table-10-snp	1	0	0	1	1
STR	SNP_CN_4407840_C363G_E121D_gid	Table-10-snp	1	4	0	5	5
STR	SNP_CN_4407839_A364G_S122P_gid	IGNORE	0	1	0	1	1
STR	SNP_CN_4407832_A371G_V124A_gid	AJRCCM/Table-10-snp	5	2	0	7	7
STR	SNP_CN_4407814_C389G_G130A_gid	Table-10-snp	1	0	0	1	1
STR	SNP_CN_4407902_G301A_L101F_gid	Table-10-snp	2	3	0	5	5
STR	SNP_CN_4407811_C392G_S131T_gid	Table-10-snp	1	0	0	1	1
STR	SNP_CN_4407810_G393C_S131R_gid	IGNORE	0	1	0	1	1
STR	SNP_CN_4407809_C394A_D132Y_gid	AJRCCM/Table-10-snp	17	1	0	18	18
STR	SNP_CN_4407806_C397G_A133P_gid	Table-10-snp	1	1	0	2	2
STR	SNP_CN_4407806_C397G_A133P_gid	IGNORE	0	1	0	1	1
STR	SNP_CN_4407805_G398C_A133G_gid	Table-10-snp	0	2	0	2	2
STR	SNP_CN_4407802_G401T_A134E_gid	Table-10-snp	3	4	0	7	7
STR	SNP_CN_4407851_G352A_R118C_gid	Table-10-snp	1	0	0	1	1
STR	SNP_CN_4407851_G352T_R118S_gid	IGNORE	0	4	0	4	4
STR	SNP_CN_4407853_C350A_G117V_gid	Table-10-snp	2	0	0	2	2
STR	SNP_CN_4407853_C350T_G117E_gid	Table-10-snp	2	0	0	2	2
STR	SNP_CN_4407901_A302G_L101P_gid	Table-10-snp	0	1	0	1	1
STR	SNP_CN_4407899_G304C_R102G_gid	Table-10-snp	0	2	0	2	2
STR	SNP_CN_4407880_A323G_L108P_gid	Table-10-snp	1	0	0	1	1
STR	SNP_CN_4407880_A323C_L108R_gid	Table-10-snp	2	3	0	5	5
STR	SNP_CN_4407880_A323C_L108R_gid	IGNORE	0	5	0	5	5
STR	SNP_CN_4407877_C326G_G109A_gid	Table-10-snp	0	1	0	1	1
STR	SNP_CN_4407874_A329G_V110A_gid	Table-10-snp	2	0	0	2	2
STR	SNP_CN_4407863_T340A_I114F_gid	Table-10-snp	0	1	0	1	1
STR	SNP_CN_4407862_A341G_I114T_gid	Table-10-snp	0	2	0	2	2
STR	SNP_CN_4407859_A344C_V115G_gid	IGNORE	0	1	0	1	1
STR	SNP_CN_4407857_G346C_R116G_gid	Table-10-snp	4	2	0	6	6
STR	SNP_CN_4407857_G346A_R116W_gid	Table-10-snp	1	1	0	2	2
STR	SNP_CN_4407854_C349T_G117R_gid	Table-10-snp	0	1	0	1	1
STR	SNP_CN_4407854_C349G_G117R_gid	Table-10-snp	1	2	0	3	3
STR	SNP_CN_4407854_C349A_G117W_gid	Table-10-snp	1	0	0	1	1
STR	SNP_CN_4407956_G247A_R83W_gid	Table-10-snp	2	0	0	2	2
STR	SNP_CN_4407958_G245T_A82E_gid	Table-10-snp	1	0	0	1	1
STR	SNP_CN_4408091_G112C_P38A_gid	AJRCCM/Table-10-snp	0	1	0	1	1
STR	SNP_CN_4408054_A149C_L50R_gid	Table-10-snp	18	19	0	37	37
STR	SNP_CN_4408061_G142A_H48Y_gid	IGNORE	0	1	0	1	1
STR	SNP_CN_4408061_G142A_H48Y_gid	AJRCCM/Table-10-snp	5	1	0	6	6
STR	SNP_CN_4408060_T143G_H48P_gid	AJRCCM/Table-10-snp	1	1	0	2	2
STR	SNP_CN_4408060_T143C_H48R_gid	IGNORE	0	1	0	1	1
STR	SNP_CN_4408060_T143C_H48R_gid	AJRCCM/Table-10-snp	1	0	0	1	1
STR	SNP_CN_4408059_A144T_H48Q_gid	IGNORE	0	2	0	2	2
STR	SNP_CN_4408057_A146G_L49P_gid	Table-10-snp	1	0	0	1	1
STR	SNP_CN_4408050_G153C_N51K_gid	Table-10-snp	1	1	0	2	2
STR	SNP_CN_4408012_C191G_R64P_gid	Table-10-snp	1	0	0	1	1
STR	SNP_CN_4408049_A154G_C52R_gid	Table-10-snp	0	2	0	2	2
STR	SNP_CN_4408048_C155T_C52Y_gid	Table-10-snp	0	2	0	2	2
STR	SNP_CN_4408048_C155A_C52F_gid	Table-10-snp	1	0	0	1	1
STR	SNP_CN_4408034_C169T_E57K_gid	Table-10-snp	0	2	0	2	2
STR	SNP_CN_4408031_G172A_L58F_gid	Table-10-snp	0	1	0	1	1
STR	SNP_CN_4408031_G172A_L58F_gid	IGNORE	0	5	0	5	5
STR	SNP_CN_4408027_A176C_L59R_gid	Table-10-snp	2	0	0	2	2
STR	SNP_CN_4408061_G142C_H48D_gid	AJRCCM/Table-10-snp	1	0	0	1	1
STR	SNP_CN_4408061_G142T_H48N_gid	AJRCCM/Table-10-snp	2	0	0	2	2
STR	SNP_CN_4408063_C140G_R47P_gid	AJRCCM/Table-10-snp	1	0	0	1	1
STR	SNP_CN_4408063_C140T_R47Q_gid	IGNORE	0	1	0	1	1
STR	SNP_CN_4408084_T119G_E40A_gid	Table-10-snp	2	2	0	4	4
STR	SNP_CN_4408084_T119C_E40G_gid	IGNORE	0	1	0	1	1
STR	SNP_CN_4408083_T120A_E40D_gid	Table-10-snp	0	1	0	1	1
STR	SNP_CN_4408082_C121T_V41I_gid	Table-10-snp	1	2	0	3	3
STR	SNP_CN_4408082_C121G_V41L_gid	IGNORE	0	1	0	1	1
STR	SNP_CN_4408081_A122C_V41G_gid	Table-10-snp	0	2	0	2	2
STR	SNP_CN_4408072_A131T_L44Q_gid	Table-10-snp	3	0	0	3	3
STR	SNP_CN_4408072_A131T_L44Q_gid	IGNORE	0	4	0	4	4
STR	SNP_CN_4408072_A131C_L44R_gid	Table-10-snp	0	2	0	2	2
STR	SNP_CN_4408070_A133G_W45R_gid	IGNORE	0	1	0	1	1
STR	SNP_CN_4408069_C134G_W45S_gid	Table-10-snp	2	0	0	2	2
STR	SNP_CN_4408069_C134G_W45S_gid	IGNORE	0	1	0	1	1
STR	SNP_CN_4408064_G139C_R47G_gid	AJRCCM/Table-10-snp	1	0	0	1	1
STR	SNP_CN_4408064_G139A_R47W_gid	IGNORE	0	3	0	3	3
STR	SNP_CN_4408064_G139A_R47W_gid	AJRCCM/Table-10-snp	0	4	0	4	4
STR	SNP_CN_4408013_G190A_R64W_gid	IGNORE	0	1	0	1	1
STR	SNP_CN_4408010_C193T_V65I_gid	Table-10-snp	0	1	0	1	1
STR	SNP_CN_4407959_C244G_A82P_gid	Table-10-snp	1	0	0	1	1
STR	SNP_CN_4407970_G233T_P78Q_gid	Table-10-snp	0	1	0	1	1
STR	SNP_CN_4407980_G223A_P75S_gid	IGNORE	0	1	0	1	1
STR	SNP_CN_4407979_G224C_P75R_gid	Table-10-snp	6	0	0	6	6
STR	SNP_CN_4407979_G224A_P75L_gid	Table-10-snp	2	1	0	3	3
STR	SNP_CN_4407977_C226A_G76C_gid	Table-10-snp	8	1	0	9	9
STR	SNP_CN_4407976_C227G_G76A_gid	IGNORE	0	1	0	1	1
STR	SNP_CN_4407973_A230G_V77A_gid	Table-10-snp	3	2	0	5	5
STR	SNP_CN_4407973_A230C_V77G_gid	Table-10-snp	4	26	0	30	30
STR	SNP_CN_4407970_G233A_P78L_gid	Table-10-snp	1	5	0	6	6
STR	SNP_CN_4408009_A194G_V65A_gid	Table-10-snp	1	2	0	3	3
STR	SNP_CN_4407967_A236G_L79S_gid	AJRCCM/Table-10-snp	77	15	0	92	92
STR	SNP_CN_4407967_A236C_L79W_gid	AJRCCM/Table-10-snp	33	25	0	58	58
STR	SNP_CN_4407966_C237G_L79F_gid	IGNORE	0	1	0	1	1
STR	SNP_CN_4407966_C237A_L79F_gid	AJRCCM/Table-10-snp	1	0	0	1	1
STR	SNP_CN_4407965_C238G_A80P_gid	Table-10-snp	10	6	0	16	16
STR	SNP_CN_4407961_A242G_I81T_gid	Table-10-snp	1	0	0	1	1
STR	SNP_CN_4407961_A242C_I81R_gid	Table-10-snp	1	2	0	3	3
STR	SNP_CN_4407980_G223A_P75S_gid	Table-10-snp	6	6	0	12	12
STR	SNP_CN_4407980_G223C_P75A_gid	Table-10-snp	0	2	0	2	2
STR	SNP_CN_4407981_C222G_L74F_gid	IGNORE	0	1	0	1	1
STR	SNP_CN_4407985_C218G_G73A_gid	AJRCCM/Table-10-snp	15	9	0	24	24
STR	SNP_CN_4408009_A194C_V65G_gid	Table-10-snp	2	1	0	3	3
STR	SNP_CN_4408006_A197G_V66A_gid	Table-10-snp	1	0	0	1	1
STR	SNP_CN_4408006_A197C_V66G_gid	Table-10-snp	0	1	0	1	1
STR	SNP_CN_4408003_T200G_D67A_gid	Table-10-snp	1	1	0	2	2
STR	SNP_CN_4408003_T200C_D67G_gid	Table-10-snp	44	15	0	59	59
STR	SNP_CN_4407998_C205T_G69S_gid	Table-10-snp	0	1	0	1	1
STR	SNP_CN_4407997_C206T_G69D_gid	IGNORE	0	2	0	2	2
STR	SNP_CN_4407995_T208G_S70R_gid	AJRCCM/Table-10-snp	0	3	0	3	3
STR	SNP_CN_4407994_C209T_S70N_gid	AJRCCM/Table-10-snp	1	1	0	2	2
STR	SNP_CN_4407993_G210T_S70R_gid	AJRCCM/Table-10-snp	3	1	0	4	4
STR	SNP_CN_4407992_C211G_G71R_gid	Table-10-snp	1	0	0	1	1
STR	SNP_CN_4407991_C212A_G71V_gid	Table-10-snp	0	6	0	6	6
STR	SNP_CN_4407989_C214T_A72T_gid	Table-10-snp	0	1	0	1	1
STR	SNP_CN_4407988_G215A_A72V_gid	Table-10-snp	1	0	0	1	1
STR	SNP_CN_4407986_C217T_G73R_gid	AJRCCM/Table-10-snp	27	15	0	42	42
STR	SNP_CN_4407799_A404G_V135A_gid	IGNORE	0	1	0	1	1
STR	SNP_CN_4407799_A404C_V135G_gid	Table-10-snp	0	1	0	1	1
STR	SNP_CN_4407797_A406G_S136P_gid	Table-10-snp	0	1	0	1	1
STR	DEL_ND_1472684_d838GGGATC_rrs	IGNORE	0	3	0	3	3
STR	DEL_NF_1473316_d1470CGGC_rrs	IGNORE	0	4	0	4	4
STR	DEL_NF_1473200_d1354A_rrs	IGNORE	0	5	0	5	5
STR	DEL_NF_1473199_d1353C_rrs	IGNORE	0	1	0	1	1
STR	DEL_NF_1472974_d1128AT_rrs	IGNORE	0	1	0	1	1
STR	DEL_NF_1472959_d1113T_rrs	IGNORE	0	1	0	1	1
STR	DEL_NF_1472858_d1012G_rrs	IGNORE	0	1	0	1	1
STR	DEL_NF_1472840_d994A_rrs	IGNORE	0	1	0	1	1
STR	DEL_I_1473646_d12T_inter-rrs-rrl	Table-10-snp	0	1	0	1	1
STR	DEL_CF_4408101_d102C_35_gid	IGNORE	0	3	0	3	3
STR	DEL_I_1473646_d12T_inter-rrs-rrl	IGNORE	0	3	0	3	3
STR	DEL_I_1473406_d252A_inter-rrs-rrl	IGNORE	0	1	0	1	1
STR	DEL_CF_4408162_d41G_14_gid	Table-10-snp	1	1	0	2	2
STR	DEL_CF_4408162_d41G_14_gid	IGNORE	0	1	0	1	1
STR	DEL_CF_4408151_d52G_18_gid	Table-10-snp	2	1	0	3	3
STR	DEL_CF_4408142_d61G_21_gid	Table-10-snp	1	0	0	1	1
STR	DEL_CF_4408116_d87G_30_gid	Table-10-snp	3	1	0	4	4
STR	INS_CF_4407650_i553G_185G_gid	Table-10-snp	0	1	0	1	1
STR	INS_CF_4407685_i518A_173E_gid	Table-10-snp	0	1	0	1	1
STR	INS_CF_4407758_i445A_149K_gid	Table-10-snp	2	0	0	2	2
STR	INS_CF_4407804_i399T_134C_gid	Table-10-snp	0	1	0	1	1
STR	INS_NF_1472144_i298T_rrs	Table-10-snp	1	0	0	1	1
STR	INS_CI_4407718_i485CAAAGGCGAGCGGGCTCACGA_162IKGERAH_gid	Table-10-snp	2	0	0	2	2
STR	INS_CF_4408171_i32CTTCGGACCGCGGCTTGGCCTTGCTCGGC_11IFGPRLGLAR_gid	Table-10-snp	1	0	0	1	1
STR	INS_CF_4408101_i102G_35A_gid	Table-10-snp	2	3	0	5	5
STR	INS_CF_4408092_i111A_38T_gid	Table-10-snp	0	1	0	1	1
STR	INS_CF_4408066_i137A_46E_gid	Table-10-snp	1	0	0	1	1
STR	INS_CF_4408010_i193G_65G_gid	Table-10-snp	2	0	0	2	2
STR	INS_CF_4408000_i203T_68I_gid	Table-10-snp	1	0	0	1	1
STR	INS_CF_4407979_i224T_75P_gid	Table-10-snp	1	0	0	1	1
STR	INS_CF_4407965_i238G_80G_gid	Table-10-snp	1	0	0	1	1
STR	INS_CF_4407884_i319G_107G_gid	IGNORE	0	2	0	2	2
STR	INS_CF_4407852_i351G_118A_gid	Table-10-snp	3	3	0	6	6
STR	INS_CF_4407852_i351G_118A_gid	IGNORE	0	3	0	3	3
STR	INS_CF_4407832_i371T_124V_gid	Table-10-snp	0	2	0	2	2
STR	INS_CF_4407822_i381TTGGGCGGCAGCGACGCTGCGGT_128LGGSDAA_gid	Table-10-snp	0	1	0	1	1
STR	DEL_CF_4408101_d102C_35_gid	Table-10-snp	47	34	0	81	81
STR	DEL_CF_4408096_d107A_36_gid	Table-10-snp	0	2	0	2	2
STR	SNP_CN_4407794_G409A_R137W_gid	Table-10-snp	2	3	0	5	5
STR	DEL_CF_4407700_d503T_168_gid	Table-10-snp	0	1	0	1	1
STR	DEL_CF_4407793_d410CGTGACACCG_137_gid	Table-10-snp	1	2	0	3	3
STR	DEL_CF_4407790_d413G_138_gid	Table-10-snp	0	1	0	1	1
STR	DEL_CF_4407751_d452G_151_gid	IGNORE	0	3	0	3	3
STR	DEL_CF_4407748_d455A_152_gid	IGNORE	0	1	0	1	1
STR	DEL_CF_4407732_d471C_158_gid	Table-10-snp	0	1	0	1	1
STR	DEL_CF_4407728_d475T_159_gid	Table-10-snp	2	0	0	2	2
STR	DEL_CF_4407714_d489T_164_gid	IGNORE	0	3	0	3	3
STR	DEL_CF_4407658_d545C_182_gid	Table-10-snp	1	2	0	3	3
STR	DEL_CF_4408088_d115G_39_gid	Table-10-snp	32	9	0	41	41
STR	DEL_CF_4407640_d563A_188_gid	Table-10-snp	2	2	0	4	4
STR	DEL_CF_4407631_d572CATGTCACCACCCT_191_gid	Table-10-snp	0	1	0	1	1
STR	DEL_CF_4407624_d579CG_194_gid	Table-10-snp	1	0	0	1	1
STR	DEL_CF_4407602_d601T_201_gid	Table-10-snp	1	0	0	1	1
STR	DEL_CF_4407575_d628G_210_gid	Table-10-snp	2	0	0	2	2
STR	DEL_CD_4408055_d148GTAGATGCCGGTCCCATAGCCTACCGACTTCGCGGGGTCCCACCAGCCCCCGCTCCACACCGGGTCCCGCCAACGCTTCGGCGTACCGCCGAGCAAGGCCAAGCCGCGGTCCGAAGATCGCAGACGCCGCGGGCTCGA_50_gid	Table-10-snp	0	1	0	1	1
STR	DEL_CD_4407621_d582GTTCGCGCCACATGTCACCACCCTGACATCAACCGCGCCCGATGCGATCATCACACGCCGGTGCTCCCGTACTTCGTCGTGAGCCCGCTCGCCTTTGATGGCGAGCATTCGCCCGTTCGGCCGTATCAACGGCATGCTCCATTTCGTCAACTTGTCCAACGCGGCCACCGCCCGTGACACCGCAGCGTCGCTGCCGCCCAATTGGTCCTGCACCCAGGACTCCTCGGCGCGCCCCCGCACGATCTCAACGGCCACGCCCAGATCTGTCACCATCTCTCGAAGAAACTCGGTGCGGCGCAGTAGCGGTTCTAGGAGAACTACCTGGAGGTCCGGCCGCGCTATCGCCAATGGCACGCCCGGCAACCCGGCTCCGCTACCGATATCCACGACCCGGTCACCGCGTTCGAGGAGCTCACCGATCACGGCGCAGTTCAGTAGATGCCGGTCCCATAGCCTACCGACTTCGCGGGGTCCCACCAGCCCCCGCTCCACACCGGGTCCCGCCAACGCTTCGGCGTACCGCCGAGCAAGGCCAAGCCGCGGTCCGAAGATCGCAGACGCCGCGGGCTCGATCGGAGACATTACGCACTCCGCCGGCTCGTGAGGTCTGTGTCATGTTTCACGTGAAACATTCTCCGCTCTCGAGACGCTGGCCCAGCCGCTCGGCCACGCATCGCTTACTGCGGCGTCGGTCGGAGCCGCTGGCTCGCGAGCTAGTCGCGGAGCACAACGACTCGGCGTTCTGGCTCCACGCCTTCGCTTTCGCTGTGCACACCTGGCACCGCTGCAACCGCATCGTGGACGATCTTCCGTTCGAACGGCGTCATTGGAACGAGTTCCTCGCGGTCACCGGTTTCGGCCACTCGCCGCGCCACCTCGTCGGCCAGCGCCGCCAATTCCTCCCGGCGCCGCCGTCGCCACCTCGCGATGTCTAGCATCAACCGGCTCCGCACACCGGTCTTCTGATGCACCGCCAACCGGGTGAGTTCCTGCAGAGCGTCGAGCACCTCGCCCCCGCGCCCGACCAACTTGTTCAGGTCGTCACTGCCGTCGATGCTCACCACCGCACGATTGCCTTCGACATCGAGGTCGATGTCGCCATCGAAGTCCAACACGTCCAATAACTCTTCCAGGTAGTCGCCTGCAATCTCGCCCTCGGCGACCAATCTC_195_gid	Table-10-snp	1	0	0	1	1
STR	DEL_CF_4407799_d404A_135_gid	Table-10-snp	1	0	0	1	1
STR	DEL_CF_4407807_d396GTCGCTGCCGCCCAATTGGTCCTGCACCCAGGACTCCTCGGCGCGCCCCCGCACGATCTCAACGGCCACGCCCAGATCTGTCACCATCTCTCGAAGAAACTCGGTGCGGCGCAGTAGCGGTTCTAGGAGAACTACCTGGAGGTCCGGCCGCGCTATCGCCAATGGCACGCCCGGCAACCCGGCTCCGCTACCGATATCCACGACCCGGTCACCGCGTTCGAGGAGCTCACCGATCACGGCGCAGTTCAGTAGATGCCGGTCCCATAGCCTACCGACTTCGCGGGGTCCCACCAGCCCCCGCTCCACACCGGGTCCCGCCAACGCTTCGGCGTACCGCCGAGCAAGGCCAAGCCGCGGTCCGAAG_133_gid	Table-10-snp	1	0	0	1	1
STR	DEL_CF_4407817_d386C_129_gid	IGNORE	0	1	0	1	1
STR	DEL_CF_4407817_d386C_129_gid	Table-10-snp	0	6	0	6	6
STR	DEL_CF_4408088_d115G_39_gid	IGNORE	0	6	0	6	6
STR	DEL_CF_4408062_d141C_48_gid	IGNORE	0	1	0	1	1
STR	DEL_CF_4408043_d160C_54_gid	Table-10-snp	1	0	0	1	1
STR	DEL_CF_4408023_d180T_61_gid	Table-10-snp	16	19	0	35	35
STR	DEL_CF_4408008_d195G_66_gid	Table-10-snp	1	0	0	1	1
STR	DEL_CF_4407981_d222C_75_gid	Table-10-snp	0	2	0	2	2
STR	DEL_CF_4407950_d253CCGGCCGCGCTATCGCCAATGGCACGCCCGGCAAC_85_gid	IGNORE	0	1	0	1	1
STR	DEL_CF_4407946_d257A_86_gid	Table-10-snp	0	2	0	2	2
STR	DEL_CF_4407922_d281AGCGGTTCTAGGAGAACTACCTGGAGGTCCGGCCGCGCTATCGCCA_94_gid	Table-10-snp	0	1	0	1	1
STR	DEL_CF_4407922_d281AGCGGTTCTAGGAGAACTACCTGGAGGTCCGGCCGCGCTATCGCCAATGGCACGCCCGGCAACCCGGCTCCGCTACCGATATCCACGACCCGGTCACCGCGTTCGAGGAGCTCACCGATCACGGCGCAGT_94_gid	Table-10-snp	9	60	0	69	69
STR	DEL_CF_4407919_d284AGTAGCGGTTCTAGGAGAACTACCTGGAGGTCCGGCCGCGCTATCGC_95_gid	Table-10-snp	1	0	0	1	1
STR	DEL_CF_4407852_d351C_118_gid	Table-10-snp	16	18	0	34	34
STR	DEL_CF_4407852_d351C_118_gid	IGNORE	0	4	0	4	4
STR	DEL_CF_4407846_d357G_120_gid	Table-10-snp	0	1	0	1	1
STR	DEL_CF_4407846_d357G_120_gid	IGNORE	0	1	0	1	1
STR	INS_NF_1472490_i644G_rrs	Table-10-snp	0	2	0	2	2
STR	INS_NF_1472678_i832G_rrs	IGNORE	0	3	0	3	3
STR	INS_NF_1472786_i940C_rrs	IGNORE	0	1	0	1	1
STR	SNP_CN_4407725_G478C_L160V_gid	Table-10-snp	0	1	0	1	1
STR	SNP_CN_4407748_A455G_L152S_gid	AJRCCM/Table-10-snp	4	5	0	9	9
STR	SNP_CN_4407743_G460A_R154W_gid	Table-10-snp	2	0	0	2	2
STR	SNP_CN_4407742_C461T_R154Q_gid	Table-10-snp	0	1	0	1	1
STR	SNP_CN_4407742_C461G_R154P_gid	Table-10-snp	1	0	0	1	1
STR	SNP_CN_4407742_C461G_R154P_gid	IGNORE	0	1	0	1	1
STR	SNP_CN_4407734_C469T_G157R_gid	Table-10-snp	0	1	0	1	1
STR	SNP_CN_4407734_C469G_G157R_gid	Table-10-snp	0	1	0	1	1
STR	SNP_CN_4407724_A479G_L160P_gid	Table-10-snp	1	0	0	1	1
STR	INS_NF_1472869_i1023CG_rrs	IGNORE	0	2	0	2	2
STR	SNP_CN_4407721_G482C_A161G_gid	Table-10-snp	0	1	0	1	1
STR	SNP_CN_4407718_A485C_I162S_gid	Table-10-snp	1	0	0	1	1
STR	SNP_CN_4407713_C490T_G164S_gid	IGNORE	0	2	0	2	2
STR	SNP_CN_4407712_C491T_G164D_gid	Table-10-snp	0	1	0	1	1
STR	SNP_CN_4407712_C491G_G164A_gid	Table-10-snp	0	1	0	1	1
STR	SNP_CN_4407704_C499G_A167P_gid	Table-10-snp	0	1	0	1	1
STR	SNP_CN_4407704_C499G_A167P_gid	IGNORE	0	3	0	3	3
STR	SNP_CN_4407748_A455G_L152S_gid	IGNORE	0	1	0	1	1
STR	SNP_CN_4407754_A449C_M150R_gid	Table-10-snp	1	0	0	1	1
STR	SNP_CN_4407756_G447C_S149R_gid	Table-10-snp	2	4	0	6	6
STR	SNP_CN_4407758_T445A_S149C_gid	Table-10-snp	4	0	0	4	4
STR	SNP_CN_4407793_C410G_R137P_gid	Table-10-snp	7	1	0	8	8
STR	SNP_CN_4407793_C410A_R137L_gid	Table-10-snp	1	0	0	1	1
STR	SNP_CN_4407791_C412T_A138T_gid	Table-10-snp	0	1	0	1	1
STR	SNP_CN_4407791_C412G_A138P_gid	Table-10-snp	1	0	0	1	1
STR	SNP_CN_4407790_G413T_A138E_gid	Table-10-snp	3	2	0	5	5
STR	SNP_CN_4407790_G413T_A138E_gid	IGNORE	0	1	0	1	1
STR	SNP_CN_4407790_G413A_A138V_gid	Table-10-snp	4	4	0	8	8
STR	SNP_CN_4407790_G413A_A138V_gid	IGNORE	0	5	0	5	5
STR	SNP_CN_4407788_C415A_V139L_gid	Table-10-snp	0	1	0	1	1
STR	SNP_CN_4407785_C418A_A140S_gid	Table-10-snp	1	0	0	1	1
STR	SNP_CN_4407784_G419A_A140V_gid	Table-10-snp	0	1	0	1	1
STR	SNP_CN_4407778_A425C_L142W_gid	Table-10-snp	1	1	0	2	2
STR	SNP_CN_4407768_C435A_L145F_gid	AJRCCM/Table-10-snp	9	22	0	31	31
STR	SNP_CN_4407766_G437T_T146K_gid	Table-10-snp	3	1	0	4	4
STR	SNP_CN_4407758_T445G_S149R_gid	Table-10-snp	3	3	0	6	6
STR	SNP_CN_4407703_G500T_A167D_gid	Table-10-snp	0	1	0	1	1
STR	SNP_CN_4407695_C508T_E170K_gid	Table-10-snp	0	1	0	1	1
STR	SNP_CN_4407694_T509C_E170G_gid	Table-10-snp	2	0	0	2	2
STR	SNP_CN_4407602_T601G_T201P_gid	Table-10-snp	1	0	0	1	1
STR	SNP_CN_4407596_C607G_V203L_gid	IGNORE	0	1	0	1	1
STR	SNP_CN_4407595_A608C_V203G_gid	IGNORE	0	2	0	2	2
STR	SNP_CN_4407591_G612C_F204L_gid	IGNORE	0	1	0	1	1
STR	SNP_CN_4407590_C613T_A205T_gid	Table-10-snp	1	1	0	2	2
STR	SNP_CN_4407590_C613T_A205T_gid	IGNORE	0	7	0	7	7
STR	SNP_CN_4407589_G614T_A205E_gid	Table-10-snp	1	0	0	1	1
STR	SNP_CN_4407554_G649C_R217G_gid	Table-10-snp	0	1	0	1	1
STR	SNP_CN_4407554_G649A_R217W_gid	Table-10-snp	0	1	0	1	1
STR	SNP_CN_4407554_G649A_R217W_gid	IGNORE	0	2	0	2	2
STR	INS_NZ_1472670_i824TAGG_rrs	IGNORE	0	3	0	3	3
STR	INS_NI_1472952_i1106TGTCTCATGTTG_rrs	Table-10-snp	0	1	0	1	1
STR	INS_NI_1472864_i1018TTC_rrs	IGNORE	0	2	0	2	2
STR	INS_NI_1471846_i0CTTTGGCTCCCTTTTCCAAAGGGAGTGTTTGGG_rrs	Table-10-snp	0	1	0	1	1
STR	INS_NF_1473314_i1468ACAA_rrs	IGNORE	0	3	0	3	3
STR	INS_NF_1472921_i1075T_rrs	Table-10-snp	16	1	0	17	17
STR	SNP_CN_4407598_A605G_V202A_gid	Table-10-snp	3	0	0	3	3
STR	SNP_CN_4407604_G599T_A200E_gid	IGNORE	0	2	0	2	2
STR	SNP_CN_4407685_T518G_E173A_gid	IGNORE	0	1	0	1	1
STR	SNP_CN_4407608_G595C_P199A_gid	IGNORE	0	3	0	3	3
STR	SNP_CN_4407679_C524G_R175P_gid	Table-10-snp	1	0	0	1	1
STR	SNP_CN_4407677_G526A_R176C_gid	Table-10-snp	0	1	0	1	1
STR	SNP_CN_4407668_T535C_I179V_gid	AJRCCM/Table-10-snp	0	1	0	1	1
STR	SNP_CN_4407664_G539C_A180G_gid	IGNORE	0	1	0	1	1
STR	SNP_CN_4407661_G542A_S181L_gid	Table-10-snp	0	2	0	2	2
STR	SNP_CN_4407661_G542A_S181L_gid	IGNORE	0	1	0	1	1
STR	SNP_CN_4407659_C544G_G182R_gid	Table-10-snp	1	0	0	1	1
STR	SNP_CN_4407656_C547G_A183P_gid	Table-10-snp	1	0	0	1	1
STR	SNP_CN_4407647_C556A_V186F_gid	IGNORE	0	1	0	1	1
STR	SNP_CN_4407631_C572A_C191F_gid	Table-10-snp	1	1	0	2	2
STR	SNP_CN_4407625_G578C_A193G_gid	IGNORE	0	1	0	1	1
STR	SNP_CN_4407620_A583G_Y195H_gid	Table-10-snp	9	11	0	20	20
STR	SNP_CN_4407620_A583G_Y195H_gid	IGNORE	0	73	0	73	73
STR	SNP_CN_4407619_T584C_Y195C_gid	Table-10-snp	1	0	0	1	1
STR	SNP_CN_4407614_G589A_R197C_gid	Table-10-snp	0	1	0	1	1
STR	SNP_CN_4408090_G113A_P38L_gid	AJRCCM/Table-10-snp	0	1	0	1	1
STR	SNP_CN_4407997_C206T_G69D_gid	Table-10-snp	1	4	0	5	5
STR	SNP_CN_4408093_C110G_G37A_gid	AJRCCM/Table-10-snp	1	1	0	2	2
STR	SNP_N_1472614_G769T_rrs	IGNORE	0	3	0	3	3
STR	SNP_N_1472665_G820A_rrs	IGNORE	0	3	0	3	3
STR	SNP_N_1472661_A816G_rrs	IGNORE	0	3	0	3	3
STR	SNP_N_1472658_G813A_rrs	IGNORE	0	3	0	3	3
STR	SNP_N_1472655_G810A_rrs	IGNORE	0	3	0	3	3
STR	SNP_N_1472644_C799A_rrs	Table-10-snp	0	1	0	1	1
STR	SNP_N_1472616_G771A_rrs	Table-10-snp	0	1	0	1	1
STR	SNP_N_1472616_G771A_rrs	IGNORE	0	4	0	4	4
STR	SNP_N_1472599_G754A_rrs	IGNORE	0	1	0	1	1
STR	SNP_N_1472571_G726C_rrs	IGNORE	0	3	0	3	3
STR	SNP_N_1472598_A753T_rrs	Table-10-snp	0	1	0	1	1
STR	SNP_CN_4408093_C110G_G37A_gid	IGNORE	0	1	0	1	1
STR	SNP_N_1472596_G751T_rrs	IGNORE	0	3	0	3	3
STR	SNP_N_1472594_G749C_rrs	Table-10-snp	0	1	0	1	1
STR	SNP_N_1472594_G749C_rrs	IGNORE	0	1	0	1	1
STR	SNP_N_1472581_A736T_rrs	IGNORE	0	3	0	3	3
STR	SNP_N_1472579_G734T_rrs	IGNORE	0	3	0	3	3
STR	SNP_N_1472667_T822C_rrs	IGNORE	0	3	0	3	3
STR	SNP_N_1472678_T833C_rrs	IGNORE	0	2	0	2	2
STR	SNP_N_1472679_T834C_rrs	IGNORE	0	2	0	2	2
STR	SNP_N_1472690_C845A_rrs	IGNORE	0	3	0	3	3
STR	SNP_N_1472751_A906G_rrs	IGNORE	0	1	0	1	1
STR	SNP_N_1472751_A906G_rrs	AJRCCM/Table-10-snp	17	8	0	25	25
STR	SNP_N_1472750_C905G_rrs	Table-10-snp	1	1	0	2	2
STR	SNP_N_1472750_C905A_rrs	Table-10-snp	3	1	0	4	4
STR	SNP_N_1472744_A899G_rrs	IGNORE	0	3	0	3	3
STR	SNP_N_1472742_C897T_rrs	Table-10-snp	0	1	0	1	1
STR	SNP_N_1472742_C897T_rrs	IGNORE	0	4	0	4	4
STR	SNP_N_1472733_G888A_rrs	IGNORE	0	3	0	3	3
STR	SNP_N_1472732_G887T_rrs	Table-10-snp	1	0	0	1	1
STR	SNP_N_1472723_G878A_rrs	Table-10-snp	1	7	0	8	8
STR	SNP_N_1472716_C871T_rrs	IGNORE	0	3	0	3	3
STR	SNP_N_1472713_T868C_rrs	IGNORE	0	3	0	3	3
STR	SNP_N_1472697_T852C_rrs	IGNORE	0	3	0	3	3
STR	SNP_N_1472695_C850T_rrs	IGNORE	0	3	0	3	3
STR	SNP_N_1472690_C845T_rrs	IGNORE	0	2	0	2	2
STR	SNP_N_1472573_C728T_rrs	IGNORE	0	3	0	3	3
STR	SNP_N_1472570_G725A_rrs	IGNORE	0	3	0	3	3
STR	SNP_N_1472752_A907T_rrs	Table-10-snp	1	0	0	1	1
STR	SNP_N_1472390_T545A_rrs	IGNORE	0	1	0	1	1
STR	SNP_N_1472422_T577C_rrs	IGNORE	0	1	0	1	1
STR	SNP_N_1472412_A567C_rrs	IGNORE	0	2	0	2	2
STR	SNP_N_1472401_T556C_rrs	Table-10-snp	2	0	0	2	2
STR	SNP_N_1472399_A554T_rrs	Table-10-snp	0	1	0	1	1
STR	SNP_N_1472391_C546T_rrs	Table-10-snp	0	1	0	1	1
STR	SNP_N_1472391_C546T_rrs	IGNORE	0	1	0	1	1
STR	SNP_N_1472390_T545A_rrs	Table-10-snp	0	1	0	1	1
STR	SNP_N_1472389_G544A_rrs	Table-10-snp	0	1	0	1	1
STR	SNP_N_1472557_G712A_rrs	IGNORE	0	3	0	3	3
STR	SNP_N_1472389_G544A_rrs	IGNORE	0	3	0	3	3
STR	SNP_N_1472382_G537A_rrs	Table-10-snp	0	1	0	1	1
STR	SNP_N_1472382_G537A_rrs	IGNORE	0	3	0	3	3
STR	SNP_N_1472379_T534G_rrs	IGNORE	0	2	0	2	2
STR	SNP_N_1472378_G533T_rrs	IGNORE	0	2	0	2	2
STR	SNP_N_1472374_T529G_rrs	Table-10-snp	0	1	0	1	1
STR	SNP_N_1472374_T529G_rrs	IGNORE	0	1	0	1	1
STR	SNP_N_1472425_T580C_rrs	Table-10-snp	1	2	0	3	3
STR	SNP_N_1472427_T582A_rrs	Table-10-snp	0	1	0	1	1
STR	SNP_N_1472517_T672A_rrs	IGNORE	0	3	0	3	3
STR	SNP_N_1472517_T672A_rrs	Table-10-snp	0	1	0	1	1
STR	SNP_N_1472555_C710T_rrs	IGNORE	0	3	0	3	3
STR	SNP_N_1472553_C708T_rrs	Table-10-snp	1	1	0	2	2
STR	SNP_N_1472553_C708T_rrs	IGNORE	0	1	0	1	1
STR	SNP_N_1472549_G704A_rrs	IGNORE	0	3	0	3	3
STR	SNP_N_1472548_A703G_rrs	IGNORE	0	1	0	1	1
STR	SNP_N_1472545_A700T_rrs	Table-10-snp	0	1	0	1	1
STR	SNP_N_1472545_A700T_rrs	IGNORE	0	3	0	3	3
STR	SNP_N_1472544_C699A_rrs	IGNORE	0	2	0	2	2
STR	SNP_N_1472541_T696G_rrs	Table-10-snp	0	1	0	1	1
STR	SNP_N_1472541_T696G_rrs	IGNORE	0	3	0	3	3
STR	SNP_N_1472537_C692T_rrs	Table-10-snp	0	1	0	1	1
STR	SNP_N_1472537_C692T_rrs	IGNORE	0	1	0	1	1
STR	SNP_N_1472530_G685A_rrs	Table-10-snp	0	1	0	1	1
STR	SNP_N_1472530_G685A_rrs	IGNORE	0	3	0	3	3
STR	SNP_N_1472518_G673T_rrs	IGNORE	0	2	0	2	2
STR	SNP_N_1472752_A907C_rrs	Table-10-snp	1	0	0	1	1
STR	SNP_N_1472753_A908C_rrs	AJRCCM/Table-10-snp	8	3	0	11	11
STR	SNP_N_1472362_C517T_rrs	AJRCCM/Table-10-snp	185	52	0	237	237
STR	SNP_N_1473170_A1325C_rrs	Table-10-snp	1	0	0	1	1
STR	SNP_N_1473211_G1366T_rrs	Table-10-snp	1	0	0	1	1
STR	SNP_N_1473206_G1361A_rrs	IGNORE	0	3	0	3	3
STR	SNP_N_1473205_T1360C_rrs	Table-10-snp	0	2	0	2	2
STR	SNP_N_1473202_C1357T_rrs	IGNORE	0	3	0	3	3
STR	SNP_N_1473198_G1353T_rrs	IGNORE	0	1	0	1	1
STR	SNP_N_1473191_C1346T_rrs	Table-10-snp	0	1	0	1	1
STR	SNP_N_1473191_C1346T_rrs	IGNORE	0	3	0	3	3
STR	SNP_N_1473167_T1322G_rrs	AJRCCM/Table-10-snp	2	0	0	2	2
STR	SNP_N_1473064_A1219G_rrs	IGNORE	0	10	0	10	10
STR	SNP_N_1473164_C1319A_rrs	IGNORE	0	1	0	1	1
STR	SNP_N_1473123_A1278G_rrs	IGNORE	0	2	0	2	2
STR	SNP_N_1473102_C1257T_rrs	IGNORE	0	4	0	4	4
STR	SNP_N_1473086_C1241T_rrs	IGNORE	0	1	0	1	1
STR	SNP_N_1473084_T1239C_rrs	Table-10-snp	0	2	0	2	2
STR	SNP_N_1473068_A1223G_rrs	Table-10-snp	0	1	0	1	1
STR	SNP_N_1473068_A1223G_rrs	IGNORE	0	1	0	1	1
STR	SNP_N_1473224_G1379A_rrs	IGNORE	0	1	0	1	1
STR	SNP_N_1473224_G1379A_rrs	Table-10-snp	0	1	0	1	1
STR	SNP_N_1473226_C1381T_rrs	IGNORE	0	3	0	3	3
STR	SNP_N_1473227_C1382G_rrs	Table-10-snp	1	0	0	1	1
STR	SNP_N_1473329_G1484T_rrs	Table-10-snp	6	1	0	7	7
STR	SNP_N_1473327_A1482C_rrs	IGNORE	0	2	0	2	2
STR	SNP_N_1473314_A1469G_rrs	IGNORE	0	1	0	1	1
STR	SNP_N_1473306_A1461G_rrs	Table-10-snp	0	1	0	1	1
STR	SNP_N_1473306_A1461G_rrs	IGNORE	0	1	0	1	1
STR	SNP_N_1473305_G1460A_rrs	IGNORE	0	1	0	1	1
STR	SNP_N_1473295_G1450A_rrs	IGNORE	0	1	0	1	1
STR	SNP_N_1473294_A1449G_rrs	Table-10-snp	1	0	0	1	1
STR	SNP_N_1473288_C1443G_rrs	Table-10-snp	1	4	0	5	5
STR	SNP_N_1473288_C1443G_rrs	IGNORE	0	12	0	12	12
STR	SNP_N_1473260_G1415T_rrs	Table-10-snp	1	1	0	2	2
STR	SNP_N_1473247_C1402T_rrs	Table-10-snp	7	0	0	7	7
STR	SNP_N_1473247_C1402A_rrs	Table-10-snp	1	0	0	1	1
STR	SNP_N_1473246_A1401G_rrs	AJRCCM/Table-10-snp	330	171	0	501	501
STR	SNP_N_1473235_C1390T_rrs	Table-10-snp	1	0	0	1	1
STR	SNP_N_1473065_C1220G_rrs	IGNORE	0	1	0	1	1
STR	SNP_N_1473062_T1217A_rrs	Table-10-snp	0	1	0	1	1
STR	SNP_N_1472753_A908G_rrs	AJRCCM/Table-10-snp	1	2	0	3	3
STR	SNP_N_1472793_A948T_rrs	Table-10-snp	0	1	0	1	1
STR	SNP_N_1472895_C1050T_rrs	IGNORE	0	3	0	3	3
STR	SNP_N_1472887_G1042C_rrs	Table-10-snp	0	1	0	1	1
STR	SNP_N_1472887_G1042C_rrs	IGNORE	0	1	0	1	1
STR	SNP_N_1472870_T1025C_rrs	Table-10-snp	0	1	0	1	1
STR	SNP_N_1472861_G1016C_rrs	IGNORE	0	2	0	2	2
STR	SNP_N_1472857_A1012G_rrs	Table-10-snp	2	6	0	8	8
STR	SNP_N_1472803_T958A_rrs	IGNORE	0	3	0	3	3
STR	SNP_N_1472793_A948T_rrs	IGNORE	0	4	0	4	4
STR	SNP_N_1473062_T1217A_rrs	IGNORE	0	1	0	1	1
STR	SNP_N_1472781_C936T_rrs	Table-10-snp	0	1	0	1	1
STR	SNP_N_1472781_C936T_rrs	IGNORE	0	4	0	4	4
STR	SNP_N_1472780_G935A_rrs	IGNORE	0	2	0	2	2
STR	SNP_N_1472778_C933T_rrs	IGNORE	0	1	0	1	1
STR	SNP_N_1472767_G922A_rrs	IGNORE	0	3	0	3	3
STR	SNP_N_1472754_G909T_rrs	Table-10-snp	0	1	0	1	1
STR	SNP_N_1472754_G909T_rrs	IGNORE	0	1	0	1	1
STR	SNP_N_1472909_T1064C_rrs	Table-10-snp	1	0	0	1	1
STR	SNP_N_1472912_C1067T_rrs	IGNORE	0	1	0	1	1
STR	SNP_N_1472912_C1067T_rrs	Table-10-snp	0	1	0	1	1
STR	SNP_N_1472913_G1068A_rrs	IGNORE	0	2	0	2	2
STR	SNP_N_1473053_T1208G_rrs	Table-10-snp	0	1	0	1	1
STR	SNP_N_1473053_T1208A_rrs	Table-10-snp	0	1	0	1	1
STR	SNP_N_1473053_T1208A_rrs	IGNORE	0	1	0	1	1
STR	SNP_N_1473051_T1206C_rrs	Table-10-snp	0	1	0	1	1
STR	SNP_N_1473051_T1206C_rrs	IGNORE	0	1	0	1	1
STR	SNP_N_1473044_C1199G_rrs	Table-10-snp	0	1	0	1	1
STR	SNP_N_1473044_C1199G_rrs	IGNORE	0	1	0	1	1
STR	SNP_N_1473025_A1180G_rrs	Table-10-snp	0	1	0	1	1
STR	SNP_N_1473021_G1176A_rrs	IGNORE	0	1	0	1	1
STR	SNP_N_1472978_T1133C_rrs	IGNORE	0	1	0	1	1
STR	SNP_N_1472953_G1108T_rrs	Table-10-snp	0	1	0	1	1
STR	SNP_N_1472950_C1105G_rrs	Table-10-snp	2	0	0	2	2
STR	SNP_N_1472944_G1099A_rrs	Table-10-snp	0	2	0	2	2
STR	SNP_N_1472917_G1072A_rrs	Table-10-snp	0	1	0	1	1
STR	SNP_N_1472917_G1072A_rrs	IGNORE	0	1	0	1	1
STR	SNP_N_1472362_C517T_rrs	IGNORE	0	1	0	1	1
STR	SNP_N_1472598_A753T_rrs	IGNORE	0	4	0	4	4
STR	SNP_N_1472359_A514T_rrs	IGNORE	0	4	0	4	4
STR	SNP_CN_781564_C5G_P2R_rpsL	Table-10-snp	0	1	0	1	1
STR	SNP_CN_781786_A227C_E76A_rpsL	IGNORE	0	1	0	1	1
STR	SNP_CN_781768_A209C_E70A_rpsL	Table-10-snp	1	1	0	2	2
STR	SNP_CN_781767_G208A_E70K_rpsL	Table-10-snp	0	1	0	1	1
STR	SNP_CN_781750_C191T_T64M_rpsL	Table-10-snp	1	0	0	1	1
STR	SNP_CN_781731_A172G_T58A_rpsL	IGNORE	0	2	0	2	2
STR	SNP_CN_781687_A128G_K43R_rpsL	IGNORE	0	57	0	57	57
STR	SNP_CN_781687_A128G_K43R_rpsL	AJRCCM/Table-10-snp	784	97	0	881	881
STR	SNP_CN_4408198_G5A_S2F_gid	Table-10-snp	0	1	0	1	1
STR	SNP_CZ_4408025_C178A_E60*_gid	Table-10-snp	0	1	0	1	1
STR	SNP_CN_4408187_G16C_P6A_gid	IGNORE	0	1	0	1	1
STR	SNP_CN_4408186_G17C_P6R_gid	Table-10-snp	1	0	0	1	1
STR	SNP_CN_4408180_G23A_A8V_gid	Table-10-snp	1	0	0	1	1
STR	SNP_CN_4408175_C28G_A10P_gid	Table-10-snp	5	11	0	16	16
STR	SNP_CN_4408174_G29A_A10V_gid	Table-10-snp	1	2	0	3	3
STR	SNP_CN_4408171_A32T_I11N_gid	IGNORE	0	1	0	1	1
STR	SNP_CN_4408165_C38T_G13E_gid	Table-10-snp	0	1	0	1	1
STR	SNP_CN_781821_A262C_K88Q_rpsL	AJRCCM/Table-10-snp	3	0	0	3	3
STR	SNP_CN_781822_A263C_K88T_rpsL	AJRCCM/Table-10-snp	41	6	0	47	47
STR	SNP_CN_781822_A263G_K88R_rpsL	AJRCCM/Table-10-snp	123	39	0	162	162
STR	SNP_CN_781822_A263G_K88R_rpsL	IGNORE	0	3	0	3	3
STR	SNP_CZ_4407982_A221T_L74*_gid	Table-10-snp	1	0	0	1	1
STR	SNP_CZ_4407944_G259A_Q87*_gid	Table-10-snp	0	3	0	3	3
STR	SNP_CZ_4407834_C369T_W123*_gid	Table-10-snp	0	3	0	3	3
STR	SNP_CZ_4407830_G373A_Q125*_gid	Table-10-snp	6	2	0	8	8
STR	SNP_CZ_4407830_G373A_Q125*_gid	IGNORE	0	1	0	1	1
STR	SNP_CZ_4407796_G407T_S136*_gid	Table-10-snp	1	1	0	2	2
STR	SNP_CZ_4407796_G407C_S136*_gid	Table-10-snp	1	2	0	3	3
STR	SNP_CZ_4407760_C443T_W148*_gid	Table-10-snp	1	0	0	1	1
STR	SNP_CZ_4407731_G472A_R158*_gid	Table-10-snp	1	0	0	1	1
STR	SNP_CZ_4407716_T487A_K163*_gid	Table-10-snp	1	0	0	1	1
STR	SNP_CZ_4407686_C517A_E173*_gid	IGNORE	0	1	0	1	1
STR	SNP_CZ_4407661_G542T_S181*_gid	IGNORE	0	1	0	1	1
STR	SNP_CZ_4407618_A585C_Y195*_gid	Table-10-snp	3	1	0	4	4
STR	SNP_CZ_4407528_T675G_*225C_gid	IGNORE	0	1	0	1	1
STR	SNP_CN_781822_A263T_K88M_rpsL	AJRCCM/Table-10-snp	4	2	0	6	6
STR	SNP_CN_4408159_C44G_R15P_gid	Table-10-snp	0	1	0	1	1
STR	SNP_CN_4408150_A53T_L18H_gid	Table-10-snp	3	2	0	5	5
STR	SNP_CN_4408148_C55T_A19T_gid	AJRCCM/Table-10-snp	0	1	0	1	1
STR	SNP_CN_4408114_C89T_G30D_gid	Table-10-snp	3	1	0	4	4
STR	SNP_CN_4408114_C89A_G30V_gid	Table-10-snp	1	1	0	2	2
STR	SNP_CN_4408109_C94T_E32K_gid	Table-10-snp	0	1	0	1	1
STR	SNP_CN_4408107_C96G_E32D_gid	Table-10-snp	4	0	0	4	4
STR	SNP_CN_4408107_C96G_E32D_gid	IGNORE	0	1	0	1	1
STR	SNP_CN_4408105_C98G_R33P_gid	Table-10-snp	1	0	0	1	1
STR	SNP_CN_4408103_C100G_G34R_gid	IGNORE	0	1	0	1	1
STR	SNP_CN_4408103_C100A_G34W_gid	IGNORE	0	4	0	4	4
STR	SNP_CN_4408103_C100A_G34W_gid	AJRCCM/Table-10-snp	0	1	0	1	1
STR	SNP_CN_4408102_C101T_G34E_gid	AJRCCM/Table-10-snp	2	0	0	2	2
STR	SNP_CN_4408102_C101G_G34A_gid	IGNORE	0	1	0	1	1
STR	SNP_CN_4408102_C101G_G34A_gid	AJRCCM/Table-10-snp	1	0	0	1	1
STR	SNP_CN_4408102_C101A_G34V_gid	AJRCCM/Table-10-snp	2	3	0	5	5
STR	SNP_CN_4408094_C109T_G37R_gid	IGNORE	0	2	0	2	2
STR	SNP_CN_4408094_C109T_G37R_gid	AJRCCM/Table-10-snp	12	9	0	21	21
STR	SNP_CN_4408093_C110T_G37E_gid	AJRCCM/Table-10-snp	2	1	0	3	3
STR	SNP_CN_4408114_C89T_G30D_gid	IGNORE	0	1	0	1	1
STR	SNP_CN_4408115_C88G_G30R_gid	Table-10-snp	2	3	0	5	5
STR	SNP_CN_4408148_C55G_A19P_gid	IGNORE	0	4	0	4	4
STR	SNP_CN_4408120_C83A_G28V_gid	Table-10-snp	1	0	0	1	1
STR	SNP_CN_4408148_C55G_A19P_gid	AJRCCM/Table-10-snp	1	0	0	1	1
STR	SNP_CN_4408147_G56C_A19G_gid	AJRCCM/Table-10-snp	1	0	0	1	1
STR	SNP_CN_4408144_C59T_R20Q_gid	IGNORE	0	1	0	1	1
STR	SNP_CN_4408144_C59G_R20P_gid	Table-10-snp	2	1	0	3	3
STR	SNP_N_1472359_A514T_rrs	AJRCCM/Table-10-snp	9	9	0	18	18
STR	SNP_CN_4408139_A64G_Y22H_gid	AJRCCM/Table-10-snp	0	1	0	1	1
STR	SNP_CN_4408138_T65G_Y22S_gid	IGNORE	0	1	0	1	1
STR	SNP_CN_4408138_T65G_Y22S_gid	AJRCCM/Table-10-snp	3	0	0	3	3
STR	SNP_CN_4408138_T65C_Y22C_gid	AJRCCM/Table-10-snp	1	0	0	1	1
STR	SNP_CN_4408135_G68T_A23D_gid	IGNORE	0	1	0	1	1
STR	SNP_CN_4408125_C78G_L26F_gid	Table-10-snp	3	2	0	5	5
STR	SNP_CN_4408125_C78G_L26F_gid	IGNORE	0	1	0	1	1
STR	SNP_CN_4408125_C78A_L26F_gid	IGNORE	0	1	0	1	1
STR	SNP_CN_4408124_C79G_A27P_gid	Table-10-snp	1	1	0	2	2
STR	SNP_CN_4408120_C83T_G28E_gid	Table-10-snp	1	0	0	1	1
STR	SNP_CZ_4407992_C211A_G71*_gid	Table-10-snp	5	0	0	5	5
STR	SNP_CN_4408142_G61A_R21W_gid	IGNORE	0	1	0	1	1
STR	SNP_CZ_4408047_G156T_C52*_gid	IGNORE	0	1	0	1	1
STR	SNP_N_1472180_A335C_rrs	Table-10-snp	0	1	0	1	1
STR	SNP_N_1472225_C380A_rrs	IGNORE	0	2	0	2	2
STR	SNP_N_1472215_A370G_rrs	IGNORE	0	3	0	3	3
STR	SNP_N_1472213_G368C_rrs	IGNORE	0	3	0	3	3
STR	SNP_N_1472210_A365G_rrs	Table-10-snp	0	1	0	1	1
STR	SNP_N_1472210_A365C_rrs	IGNORE	0	3	0	3	3
STR	SNP_N_1472203_G358A_rrs	IGNORE	0	3	0	3	3
STR	SNP_N_1472194_G349A_rrs	Table-10-snp	0	1	0	1	1
STR	SNP_N_1472177_C332T_rrs	Table-10-snp	0	1	0	1	1
STR	SNP_N_1472129_G284C_rrs	IGNORE	0	1	0	1	1
STR	SNP_N_1472177_C332T_rrs	IGNORE	0	4	0	4	4
STR	SNP_N_1472172_T327C_rrs	Table-10-snp	0	1	0	1	1
STR	SNP_N_1472172_T327C_rrs	IGNORE	0	4	0	4	4
STR	SNP_N_1472164_G319A_rrs	Table-10-snp	0	2	0	2	2
STR	SNP_N_1472164_G319A_rrs	IGNORE	0	4	0	4	4
STR	SNP_N_1472151_C306T_rrs	IGNORE	0	3	0	3	3
STR	SNP_N_1472150_T305A_rrs	IGNORE	0	3	0	3	3
STR	SNP_N_1472234_T389C_rrs	IGNORE	0	2	0	2	2
STR	SNP_N_1472236_C391G_rrs	IGNORE	0	1	0	1	1
STR	SNP_N_1472240_G395A_rrs	IGNORE	0	1	0	1	1
STR	SNP_N_1472240_G395C_rrs	IGNORE	0	1	0	1	1
STR	SNP_CZ_4408069_C134T_W45*_gid	IGNORE	0	2	0	2	2
STR	SNP_N_1472359_A514C_rrs	IGNORE	0	11	0	11	11
STR	SNP_N_1472359_A514C_rrs	AJRCCM/Table-10-snp	135	25	0	160	160
STR	SNP_N_1472358_C513T_rrs	AJRCCM/Table-10-snp	26	2	0	28	28
STR	SNP_N_1472349_A504C_rrs	IGNORE	0	1	0	1	1
STR	SNP_N_1472344_C499T_rrs	IGNORE	0	1	0	1	1
STR	SNP_N_1472329_A484T_rrs	Table-10-snp	0	1	0	1	1
STR	SNP_N_1472307_C462T_rrs	IGNORE	0	1	0	1	1
STR	SNP_N_1472299_T454C_rrs	IGNORE	0	1	0	1	1
STR	SNP_N_1472259_C414A_rrs	IGNORE	0	1	0	1	1
STR	SNP_N_1472256_T411A_rrs	IGNORE	0	1	0	1	1
STR	SNP_N_1472253_G408T_rrs	IGNORE	0	1	0	1	1
STR	SNP_N_1472252_G407A_rrs	IGNORE	0	1	0	1	1
STR	SNP_N_1472242_C397T_rrs	Table-10-snp	0	1	0	1	1
STR	SNP_N_1472242_C397T_rrs	IGNORE	0	2	0	2	2
STR	SNP_N_1472137_G292A_rrs	IGNORE	0	3	0	3	3
STR	SNP_N_1472240_G395C_rrs	Table-10-snp	0	1	0	1	1
STR	SNP_N_1472127_C282T_rrs	IGNORE	0	2	0	2	2
STR	SNP_I_1473503_G155T_inter-rrs-rrl	Table-10-snp	0	1	0	1	1
STR	SNP_I_1473632_G26A_inter-rrs-rrl	IGNORE	0	7	0	7	7
STR	SNP_I_1473623_G35A_inter-rrs-rrl	IGNORE	0	1	0	1	1
STR	SNP_I_1473615_G43C_inter-rrs-rrl	IGNORE	0	2	0	2	2
STR	SNP_I_1473602_G56T_inter-rrs-rrl	IGNORE	0	1	0	1	1
STR	SNP_I_1473551_T107G_inter-rrs-rrl	Table-10-snp	0	1	0	1	1
STR	SNP_I_1473538_A120G_inter-rrs-rrl	Table-10-snp	0	1	0	1	1
STR	SNP_I_1473535_C123G_inter-rrs-rrl	Table-10-snp	1	0	0	1	1
STR	SNP_I_1473439_T219C_inter-rrs-rrl	Table-10-snp	0	2	0	2	2
STR	SNP_N_1471861_T16A_rrs	Table-10-snp	1	0	0	1	1
STR	SNP_I_1473430_G228C_inter-rrs-rrl	Table-10-snp	0	1	0	1	1
STR	SNP_I_1473414_G244C_inter-rrs-rrl	Table-10-snp	0	1	0	1	1
STR	SNP_I_1473403_C255T_inter-rrs-rrl	Table-10-snp	0	3	0	3	3
STR	SNP_CZ_4408121_C82A_G28*_gid	Table-10-snp	0	1	0	1	1
STR	SNP_CZ_4408094_C109A_G37*_gid	AJRCCM/Table-10-snp	1	0	0	1	1
STR	SNP_N_1472122_G277A_rrs	IGNORE	0	2	0	2	2
STR	SNP_CZ_4408069_C134T_W45*_gid	Table-10-snp	1	1	0	2	2
STR	SNP_I_1473637_A21G_inter-rrs-rrl	Table-10-snp	0	1	0	1	1
STR	SNP_I_1473523_T135G_inter-rrs-rrl	IGNORE	0	1	0	1	1
STR	SNP_N_1471861_T16C_rrs	Table-10-snp	1	0	0	1	1
STR	SNP_N_1472016_C171T_rrs	Table-10-snp	0	1	0	1	1
STR	SNP_N_1472089_C244T_rrs	Table-10-snp	1	0	0	1	1
STR	SNP_N_1471862_T17G_rrs	Table-10-snp	0	1	0	1	1
STR	SNP_N_1472084_C239A_rrs	Table-10-snp	1	1	0	2	2
STR	SNP_N_1472081_C236G_rrs	Table-10-snp	0	1	0	1	1
STR	SNP_N_1472045_T200A_rrs	Table-10-snp	1	1	0	2	2
STR	SNP_N_1472045_T200A_rrs	IGNORE	0	1	0	1	1
STR	SNP_N_1472026_C181G_rrs	IGNORE	0	1	0	1	1
STR	SNP_N_1472115_C270T_rrs	Table-10-snp	1	1	0	2	2
STR	SNP_N_1471985_T140G_rrs	IGNORE	0	1	0	1	1
STR	SNP_N_1471970_G125A_rrs	Table-10-snp	0	1	0	1	1
STR	SNP_N_1471947_G102A_rrs	Table-10-snp	0	1	0	1	1
STR	SNP_N_1471883_G38A_rrs	Table-10-snp	1	0	0	1	1
STR	SNP_N_1472015_A170G_rrs	IGNORE	0	1	0	1	1
STR	SNP_N_1471867_C22T_rrs	IGNORE	0	1	0	1	1
SLIS	SNP_N_1471861_T16A_rrs	Table-10-snp	1	0	0	1	1
SLIS	SNP_I_2715399_A73T_inter-eis-Rv2417c	Table-10-snp	0	1	0	1	1
SLIS	SNP_I_2715347_G125C_inter-eis-Rv2417c	Table-10-snp	2	7	0	9	9
SLIS	SNP_I_2715369_C103A_inter-eis-Rv2417c	AJRCCM/Table-10-snp	30	138	0	168	168
SLIS	SNP_I_2715376_A96G_inter-eis-Rv2417c	Table-10-snp	2	0	0	2	2
SLIS	SNP_I_2715432_G40A_inter-eis-Rv2417c	Table-10-snp	5	1	0	6	6
SLIS	SNP_N_1471861_T16C_rrs	Table-10-snp	1	0	0	1	1
SLIS	SNP_I_2715432_G40A_inter-eis-Rv2417c	IGNORE	0	3	0	3	3
SLIS	SNP_I_2715436_C36T_inter-eis-Rv2417c	IGNORE	0	3	0	3	3
SLIS	SNP_I_2715346_G126A_inter-eis-Rv2417c	AJRCCM/Table-10-snp	24	24	0	48	48
SLIS	SNP_I_2715467_T5G_inter-eis-Rv2417c	IGNORE	0	1	0	1	1
SLIS	SNP_I_2715340_G132T_inter-eis-Rv2417c	Table-10-snp	2	1	0	3	3
SLIS	SNP_I_2715344_G128A_inter-eis-Rv2417c	IGNORE	0	2	0	2	2
SLIS	SNP_I_2715344_G128A_inter-eis-Rv2417c	AJRCCM/Table-10-snp	14	62	0	76	76
SLIS	SNP_I_2715342_C130T_inter-eis-Rv2417c	AJRCCM/Table-10-snp	33	50	0	83	83
SLIS	SNP_I_2715342_C130G_inter-eis-Rv2417c	AJRCCM/Table-10-snp	0	4	0	4	4
SLIS	SNP_I_2715341_A131G_inter-eis-Rv2417c	Table-10-snp	0	1	0	1	1
SLIS	SNP_I_2715340_G132A_inter-eis-Rv2417c	Table-10-snp	4	3	0	7	7
SLIS	SNP_I_2715338_C134A_inter-eis-Rv2417c	Table-10-snp	1	1	0	2	2
SLIS	SNP_CZ_1918000_C61T_Q21*_tlyA	Table-10-snp	0	1	0	1	1
SLIS	SNP_N_1471883_G38A_rrs	Table-10-snp	0	1	0	1	1
SLIS	SNP_CZ_1918745_A806G_*269W_tlyA	AJRCCM/Table-10-snp	0	4	0	4	4
SLIS	SNP_N_1471862_T17G_rrs	Table-10-snp	0	1	0	1	1
SLIS	SNP_N_1472177_C332T_rrs	IGNORE	0	3	0	3	3
SLIS	SNP_N_1471985_T140G_rrs	IGNORE	0	1	0	1	1
SLIS	SNP_N_1472151_C306T_rrs	IGNORE	0	3	0	3	3
SLIS	SNP_N_1472215_A370G_rrs	IGNORE	0	3	0	3	3
SLIS	SNP_CN_1918714_G775A_A259T_tlyA	Table-10-snp	0	1	0	1	1
SLIS	SNP_N_1472213_G368C_rrs	IGNORE	0	3	0	3	3
SLIS	SNP_N_1472210_A365G_rrs	Table-10-snp	1	0	0	1	1
SLIS	SNP_N_1472210_A365C_rrs	IGNORE	0	3	0	3	3
SLIS	SNP_N_1472203_G358A_rrs	IGNORE	0	3	0	3	3
SLIS	SNP_N_1472172_T327C_rrs	IGNORE	0	3	0	3	3
SLIS	SNP_N_1472164_G319A_rrs	Table-10-snp	0	1	0	1	1
SLIS	SNP_N_1472164_G319A_rrs	IGNORE	0	3	0	3	3
SLIS	SNP_N_1472150_T305A_rrs	IGNORE	0	3	0	3	3
SLIS	SNP_N_1472016_C171T_rrs	Table-10-snp	1	0	0	1	1
SLIS	SNP_N_1472137_G292A_rrs	IGNORE	0	3	0	3	3
SLIS	SNP_N_1472129_G284C_rrs	IGNORE	0	1	0	1	1
SLIS	SNP_N_1472127_C282T_rrs	IGNORE	0	2	0	2	2
SLIS	SNP_N_1472122_G277A_rrs	IGNORE	0	2	0	2	2
SLIS	SNP_N_1472089_C244T_rrs	Table-10-snp	0	1	0	1	1
SLIS	SNP_N_1472084_C239A_rrs	Table-10-snp	1	1	0	2	2
SLIS	SNP_N_1472081_C236G_rrs	Table-10-snp	0	1	0	1	1
SLIS	SNP_N_1472045_T200A_rrs	Table-10-snp	0	1	0	1	1
SLIS	SNP_N_1472045_T200A_rrs	IGNORE	0	1	0	1	1
SLIS	SNP_CZ_1917946_C7T_R3*_tlyA	Table-10-snp	1	0	0	1	1
SLIS	DEL_NF_1472840_d994A_rrs	IGNORE	0	1	0	1	1
SLIS	SNP_CN_1918634_G695A_G232D_tlyA	Table-10-snp	5	2	0	7	7
SLIS	DEL_NF_1472858_d1012G_rrs	IGNORE	0	1	0	1	1
SLIS	INS_CF_1918334_i394A_132E_tlyA	Table-10-snp	1	0	0	1	1
SLIS	INS_CF_1918141_i201C_68P_tlyA	Table-10-snp	1	0	0	1	1
SLIS	INS_CF_1918138_i198GC_67A_tlyA	Table-10-snp	1	1	0	2	2
SLIS	INS_CF_1918114_i174GA_59E_tlyA	Table-10-snp	0	3	0	3	3
SLIS	INS_CF_1918027_i87G_30G_tlyA	Table-10-snp	0	1	0	1	1
SLIS	DEL_NF_1473316_d1470CGGC_rrs	IGNORE	0	3	0	3	3
SLIS	DEL_NF_1473200_d1354A_rrs	IGNORE	0	4	0	4	4
SLIS	DEL_NF_1472974_d1128AT_rrs	IGNORE	0	1	0	1	1
SLIS	DEL_NF_1472959_d1113T_rrs	IGNORE	0	1	0	1	1
SLIS	DEL_ND_1472684_d838GGGATC_rrs	IGNORE	0	3	0	3	3
SLIS	INS_CF_1918531_i591GTCC_198V_tlyA	Table-10-snp	1	0	0	1	1
SLIS	DEL_I_2715369_d103CGTGAATATTACGACGAC_inter-eis-Rv2417c	Table-10-snp	0	1	0	1	1
SLIS	DEL_I_2715340_d132G_inter-eis-Rv2417c	Table-10-snp	1	0	0	1	1
SLIS	DEL_CF_1918672_d732ACGCAGACCG_245_tlyA	Table-10-snp	0	1	0	1	1
SLIS	DEL_CF_1918655_d715A_239_tlyA	IGNORE	0	1	0	1	1
SLIS	DEL_CF_1918452_d512T_171_tlyA	Table-10-snp	1	0	0	1	1
SLIS	DEL_CF_1918349_d409GT_137_tlyA	Table-10-snp	1	0	0	1	1
SLIS	DEL_CF_1918337_d397G_133_tlyA	Table-10-snp	2	1	0	3	3
SLIS	DEL_CF_1918130_d190CG_64_tlyA	Table-10-snp	1	0	0	1	1
SLIS	SNP_N_1472234_T389C_rrs	IGNORE	0	2	0	2	2
SLIS	INS_CF_1918530_i590A_197V_tlyA	Table-10-snp	1	0	0	1	1
SLIS	INS_CF_1918613_i673TC_225V_tlyA	Table-10-snp	1	1	0	2	2
SLIS	SNP_CN_1918634_G695A_G232D_tlyA	IGNORE	0	1	0	1	1
SLIS	SNP_CN_1918388_T449C_L150P_tlyA	Table-10-snp	2	0	0	2	2
SLIS	SNP_CN_1918623_C684G_S228R_tlyA	Table-10-snp	3	1	0	4	4
SLIS	SNP_CN_1918591_C652A_L218M_tlyA	Table-10-snp	3	1	0	4	4
SLIS	SNP_CN_1918583_C644A_A215E_tlyA	Table-10-snp	1	0	0	1	1
SLIS	SNP_CN_1918525_G586A_G196R_tlyA	Table-10-snp	0	1	0	1	1
SLIS	SNP_CN_1918502_G563A_G188E_tlyA	IGNORE	0	1	0	1	1
SLIS	SNP_CN_1918484_A545G_K182R_tlyA	Table-10-snp	0	1	0	1	1
SLIS	SNP_CN_1918430_T491C_L164S_tlyA	Table-10-snp	0	1	0	1	1
SLIS	SNP_CN_1918418_T479G_L160W_tlyA	Table-10-snp	0	1	0	1	1
SLIS	SNP_CN_1918405_T466G_S156A_tlyA	Table-10-snp	0	1	0	1	1
SLIS	SNP_CN_1918372_G433A_G145S_tlyA	Table-10-snp	0	1	0	1	1
SLIS	INS_CF_1918691_i751TG_251L_tlyA	Table-10-snp	8	3	0	11	11
SLIS	SNP_CN_1918340_C401T_T134I_tlyA	IGNORE	0	1	0	1	1
SLIS	SNP_CN_1918142_A203G_H68R_tlyA	Table-10-snp	0	1	0	1	1
SLIS	INS_NZ_1472670_i824TAGG_rrs	IGNORE	0	3	0	3	3
SLIS	INS_NI_1472952_i1106TGTCTCATGTTG_rrs	Table-10-snp	0	1	0	1	1
SLIS	INS_NI_1472864_i1018TTC_rrs	IGNORE	0	2	0	2	2
SLIS	INS_NF_1473314_i1468ACAA_rrs	IGNORE	0	3	0	3	3
SLIS	INS_NF_1472921_i1075T_rrs	Table-10-snp	10	4	0	14	14
SLIS	INS_NF_1472869_i1023CG_rrs	IGNORE	0	2	0	2	2
SLIS	INS_NF_1472786_i940C_rrs	IGNORE	0	1	0	1	1
SLIS	SNP_N_1472225_C380A_rrs	IGNORE	0	2	0	2	2
SLIS	INS_NF_1472678_i832G_rrs	IGNORE	0	3	0	3	3
SLIS	SNP_N_1472236_C391G_rrs	IGNORE	0	1	0	1	1
SLIS	SNP_N_1472767_G922A_rrs	IGNORE	0	3	0	3	3
SLIS	SNP_N_1472950_C1105G_rrs	Table-10-snp	1	1	0	2	2
SLIS	SNP_N_1472944_G1099A_rrs	Table-10-snp	0	2	0	2	2
SLIS	SNP_N_1472909_T1064C_rrs	Table-10-snp	0	1	0	1	1
SLIS	SNP_N_1472895_C1050T_rrs	IGNORE	0	3	0	3	3
SLIS	SNP_N_1472861_G1016C_rrs	IGNORE	0	2	0	2	2
SLIS	SNP_N_1472857_A1012G_rrs	Table-10-snp	0	3	0	3	3
SLIS	SNP_N_1472803_T958A_rrs	IGNORE	0	3	0	3	3
SLIS	SNP_N_1472793_A948T_rrs	IGNORE	0	3	0	3	3
SLIS	SNP_N_1472781_C936T_rrs	IGNORE	0	3	0	3	3
SLIS	SNP_N_1472753_A908G_rrs	AJRCCM/Table-10-snp	1	1	0	2	2
SLIS	SNP_N_1473025_A1180G_rrs	Table-10-snp	0	1	0	1	1
SLIS	SNP_N_1472753_A908C_rrs	AJRCCM/Table-10-snp	1	8	0	9	9
SLIS	SNP_N_1472752_A907C_rrs	Table-10-snp	0	1	0	1	1
SLIS	SNP_N_1472751_A906G_rrs	Table-10-snp	10	15	0	25	25
SLIS	SNP_N_1472750_C905G_rrs	Table-10-snp	1	1	0	2	2
SLIS	SNP_N_1472750_C905A_rrs	Table-10-snp	2	1	0	3	3
SLIS	SNP_N_1472744_A899G_rrs	IGNORE	0	3	0	3	3
SLIS	SNP_N_1472742_C897T_rrs	IGNORE	0	3	0	3	3
SLIS	SNP_N_1472733_G888A_rrs	IGNORE	0	3	0	3	3
SLIS	SNP_N_1472732_G887T_rrs	Table-10-snp	0	1	0	1	1
SLIS	SNP_N_1472240_G395A_rrs	IGNORE	0	1	0	1	1
SLIS	SNP_N_1473065_C1220G_rrs	IGNORE	0	1	0	1	1
SLIS	SNP_N_1472716_C871T_rrs	IGNORE	0	3	0	3	3
SLIS	SNP_N_1473235_C1390T_rrs	Table-10-snp	1	0	0	1	1
SLIS	SNP_N_1473334_C1489T_rrs	Table-10-snp	0	1	0	1	1
SLIS	SNP_N_1473329_G1484T_rrs	Table-10-snp	6	1	0	7	7
SLIS	SNP_N_1473306_A1461G_rrs	Table-10-snp	1	0	0	1	1
SLIS	SNP_N_1473294_A1449G_rrs	Table-10-snp	0	1	0	1	1
SLIS	SNP_N_1473288_C1443G_rrs	Table-10-snp	0	1	0	1	1
SLIS	SNP_N_1473260_G1415T_rrs	Table-10-snp	1	1	0	2	2
SLIS	SNP_N_1473247_C1402T_rrs	Table-10-snp	4	2	0	6	6
SLIS	SNP_N_1473247_C1402A_rrs	Table-10-snp	1	0	0	1	1
SLIS	SNP_N_1473246_A1401G_rrs	AJRCCM/Table-10-snp	416	90	0	506	506
SLIS	SNP_N_1473227_C1382G_rrs	Table-10-snp	0	1	0	1	1
SLIS	SNP_N_1473079_G1234A_rrs	IGNORE	0	1	0	1	1
SLIS	SNP_N_1473224_G1379A_rrs	Table-10-snp	0	1	0	1	1
SLIS	SNP_N_1473224_G1379A_rrs	IGNORE	0	1	0	1	1
SLIS	SNP_N_1473211_G1366T_rrs	Table-10-snp	0	1	0	1	1
SLIS	SNP_N_1473206_G1361A_rrs	IGNORE	0	3	0	3	3
SLIS	SNP_N_1473202_C1357T_rrs	IGNORE	0	3	0	3	3
SLIS	SNP_N_1473191_C1346T_rrs	IGNORE	0	3	0	3	3
SLIS	SNP_N_1473170_A1325C_rrs	Table-10-snp	0	1	0	1	1
SLIS	SNP_N_1473167_T1322G_rrs	Table-10-snp	1	1	0	2	2
SLIS	SNP_N_1473084_T1239C_rrs	Table-10-snp	0	2	0	2	2
SLIS	SNP_N_1472723_G878A_rrs	Table-10-snp	2	2	0	4	4
SLIS	SNP_N_1473226_C1381T_rrs	IGNORE	0	3	0	3	3
SLIS	SNP_N_1472713_T868C_rrs	IGNORE	0	3	0	3	3
SLIS	SNP_N_1472399_A554T_rrs	Table-10-snp	0	1	0	1	1
SLIS	SNP_N_1472541_T696G_rrs	IGNORE	0	2	0	2	2
SLIS	SNP_N_1472530_G685A_rrs	IGNORE	0	2	0	2	2
SLIS	SNP_N_1472518_G673T_rrs	IGNORE	0	2	0	2	2
SLIS	SNP_N_1472517_T672A_rrs	IGNORE	0	2	0	2	2
SLIS	SNP_N_1472427_T582A_rrs	Table-10-snp	0	1	0	1	1
SLIS	SNP_N_1472425_T580C_rrs	Table-10-snp	0	3	0	3	3
SLIS	SNP_N_1472422_T577C_rrs	IGNORE	0	1	0	1	1
SLIS	SNP_N_1472412_A567C_rrs	IGNORE	0	2	0	2	2
SLIS	SNP_N_1472401_T556C_rrs	Table-10-snp	1	1	0	2	2
SLIS	SNP_N_1472389_G544A_rrs	IGNORE	0	2	0	2	2
SLIS	SNP_N_1472545_A700T_rrs	IGNORE	0	2	0	2	2
SLIS	SNP_N_1472382_G537A_rrs	IGNORE	0	2	0	2	2
SLIS	SNP_N_1472379_T534G_rrs	IGNORE	0	2	0	2	2
SLIS	SNP_N_1472362_C517T_rrs	Table-10-snp	36	160	0	196	196
SLIS	SNP_N_1472359_A514T_rrs	AJRCCM/Table-10-snp	2	4	0	6	6
SLIS	SNP_N_1472359_A514C_rrs	IGNORE	0	2	0	2	2
SLIS	SNP_N_1472359_A514C_rrs	AJRCCM/Table-10-snp	116	41	0	157	157
SLIS	SNP_N_1472358_C513T_rrs	Table-10-snp	8	11	0	19	19
SLIS	SNP_N_1472307_C462T_rrs	IGNORE	0	1	0	1	1
SLIS	SNP_N_1472697_T852C_rrs	IGNORE	0	3	0	3	3
SLIS	SNP_N_1472544_C699A_rrs	IGNORE	0	2	0	2	2
SLIS	SNP_N_1472378_G533T_rrs	IGNORE	0	2	0	2	2
SLIS	SNP_N_1472557_G712A_rrs	IGNORE	0	3	0	3	3
SLIS	SNP_N_1472619_C774A_rrs	Table-10-snp	0	1	0	1	1
SLIS	SNP_N_1472695_C850T_rrs	IGNORE	0	3	0	3	3
SLIS	SNP_N_1472570_G725A_rrs	IGNORE	0	3	0	3	3
SLIS	SNP_N_1472690_C845T_rrs	IGNORE	0	2	0	2	2
SLIS	SNP_N_1472690_C845A_rrs	IGNORE	0	3	0	3	3
SLIS	SNP_N_1472679_T834C_rrs	IGNORE	0	2	0	2	2
SLIS	SNP_N_1472665_G820A_rrs	IGNORE	0	3	0	3	3
SLIS	SNP_N_1472661_A816G_rrs	IGNORE	0	3	0	3	3
SLIS	SNP_N_1472658_G813A_rrs	IGNORE	0	3	0	3	3
SLIS	SNP_N_1472655_G810A_rrs	IGNORE	0	3	0	3	3
SLIS	SNP_N_1472644_C799A_rrs	Table-10-snp	1	0	0	1	1
SLIS	SNP_N_1472678_T833C_rrs	IGNORE	0	2	0	2	2
SLIS	SNP_N_1472581_A736T_rrs	IGNORE	0	3	0	3	3
SLIS	SNP_N_1472614_G769T_rrs	IGNORE	0	3	0	3	3
SLIS	SNP_N_1472573_C728T_rrs	IGNORE	0	3	0	3	3
SLIS	SNP_N_1472598_A753T_rrs	IGNORE	0	3	0	3	3
SLIS	SNP_N_1472596_G751T_rrs	IGNORE	0	3	0	3	3
SLIS	SNP_N_1472585_A740C_rrs	Table-10-snp	0	1	0	1	1
SLIS	SNP_N_1472616_G771A_rrs	IGNORE	0	3	0	3	3
SLIS	SNP_N_1472579_G734T_rrs	IGNORE	0	3	0	3	3
SLIS	SNP_N_1472571_G726C_rrs	IGNORE	0	3	0	3	3
RIF	SNP_CN_761005_C1199A_T400N_rpoB	Table-10-snp	1	0	0	1	1
RIF	SNP_CN_761005_C1199G_T400S_rpoB	Table-10-snp	0	1	0	1	1
RIF	SNP_CN_761092_A1286T_Q429L_rpoB	Table-10-snp	0	1	0	1	1
RIF	SNP_CN_761004_A1198G_T400A_rpoB	Table-10-snp	12	0	0	12	12
RIF	SNP_CN_761032_A1226G_Q409R_rpoB	Table-10-snp	10	3	0	13	13
RIF	SNP_CN_761004_A1198C_T400P_rpoB	Table-10-snp	1	0	0	1	1
RIF	SNP_CN_761002_C1196T_T399I_rpoB	Table-10-snp	4	1	0	5	5
RIF	SNP_CN_761005_C1199T_T400I_rpoB	Table-10-snp	1	0	0	1	1
RIF	SNP_CN_761085_A1279C_T427P_rpoB	Table-10-snp	1	0	0	1	1
RIF	SNP_CN_761076_T1270C_F424L_rpoB	Table-10-snp	1	0	0	1	1
RIF	SNP_CN_761076_T1270G_F424V_rpoB	Table-10-snp	1	0	0	1	1
RIF	SNP_CN_761088_A1282G_S428G_rpoB	Table-10-snp	3	0	0	3	3
RIF	SNP_CN_761090_C1284A_S428R_rpoB	Table-10-snp	1	0	0	1	1
RIF	SNP_CN_761090_C1284G_S428R_rpoB	Table-10-snp	3	0	0	3	3
RIF	SNP_CN_760978_A1172G_E391G_rpoB	Table-10-snp	1	0	0	1	1
RIF	SNP_CN_761092_A1286C_Q429P_rpoB	Table-10-snp	1	0	0	1	1
RIF	SNP_CN_761001_A1195G_T399A_rpoB	Table-10-snp	2	0	0	2	2
RIF	SNP_CN_760752_C946G_L316V_rpoB	Table-10-snp	0	1	0	1	1
RIF	SNP_CN_760975_T1169C_M390T_rpoB	Table-10-snp	1	3	0	4	4
RIF	SNP_CN_760746_C940G_L314V_rpoB	Table-10-snp	0	1	0	1	1
RIF	SNP_CN_760616_C810A_D270E_rpoB	Table-10-snp	1	1	0	2	2
RIF	SNP_CN_761093_G1287T_Q429H_rpoB	Table-10-snp	1	1	0	2	2
RIF	SNP_CN_760645_C839T_P280L_rpoB	Table-10-snp	2	0	0	2	2
RIF	SNP_CN_760663_C857T_A286V_rpoB	Table-10-snp	3	1	0	4	4
RIF	SNP_CN_760681_A875G_N292S_rpoB	Table-10-snp	0	2	0	2	2
RIF	SNP_CN_760729_A923G_Y308C_rpoB	Table-10-snp	1	0	0	1	1
RIF	SNP_CN_760807_C1001A_A334D_rpoB	Table-10-snp	0	1	0	1	1
RIF	SNP_CN_760939_T1133G_L378R_rpoB	Table-10-snp	2	0	0	2	2
RIF	SNP_CN_760835_C1029G_H343Q_rpoB	Table-10-snp	0	1	0	1	1
RIF	SNP_CN_760839_G1033T_G345C_rpoB	Table-10-snp	0	1	0	1	1
RIF	SNP_CN_760855_C1049T_T350I_rpoB	Table-10-snp	0	3	0	3	3
RIF	SNP_CN_760879_C1073T_P358L_rpoB	Table-10-snp	0	5	0	5	5
RIF	SNP_CN_760882_T1076C_V359A_rpoB	Table-10-snp	1	1	0	2	2
RIF	SNP_CN_760890_G1084C_D362H_rpoB	Table-10-snp	0	1	0	1	1
RIF	SNP_CN_761093_G1287C_Q429H_rpoB	Table-10-snp	2	1	0	3	3
RIF	SNP_CN_761134_T1328G_L443W_rpoB	Table-10-snp	1	0	0	1	1
RIF	SNP_CN_761095_T1289C_L430P_rpoB	AJRCCM/Table-10-snp	15	22	0	37	37
RIF	SNP_CN_761095_T1289G_L430R_rpoB	AJRCCM/Table-10-snp	11	1	0	12	12
RIF	SNP_CN_761127_T1321A_S441T_rpoB	Table-10-snp	1	0	0	1	1
RIF	SNP_CN_761128_C1322T_S441L_rpoB	Table-10-snp	8	0	0	8	8
RIF	SNP_CN_761135_G1329T_L443F_rpoB	Table-10-snp	1	0	0	1	1
RIF	SNP_CN_761136_A1330C_T444P_rpoB	Table-10-snp	1	0	0	1	1
RIF	SNP_CN_761139_C1333A_H445N_rpoB	AJRCCM/Table-10-snp	9	23	0	32	32
RIF	SNP_CN_761139_C1333G_H445D_rpoB	AJRCCM/Table-10-snp	68	10	0	78	78
RIF	SNP_CN_761139_C1333T_H445Y_rpoB	AJRCCM/Table-10-snp	106	9	0	115	115
RIF	SNP_CN_761140_A1334C_H445P_rpoB	AJRCCM/Table-10-snp	5	0	0	5	5
RIF	SNP_CN_761140_A1334G_H445R_rpoB	AJRCCM/Table-10-snp	47	3	0	50	50
RIF	SNP_CN_761140_A1334T_H445L_rpoB	AJRCCM/Table-10-snp	29	4	0	33	33
RIF	SNP_CN_761141_C1335A_H445Q_rpoB	AJRCCM/Table-10-snp	2	0	0	2	2
RIF	SNP_CN_761141_C1335G_H445Q_rpoB	AJRCCM/Table-10-snp	0	1	0	1	1
RIF	SNP_CN_761142_A1336C_K446Q_rpoB	Table-10-snp	3	0	0	3	3
RIF	SNP_CN_761143_A1337G_K446R_rpoB	Table-10-snp	2	0	0	2	2
RIF	SNP_CN_760600_A794C_D265A_rpoB	Table-10-snp	0	1	0	1	1
RIF	SNP_CN_761121_C1315T_P439S_rpoB	Table-10-snp	1	0	0	1	1
RIF	SNP_CN_761116_A1310G_N437S_rpoB	Table-10-snp	1	0	0	1	1
RIF	SNP_CN_761115_A1309C_N437H_rpoB	Table-10-snp	3	0	0	3	3
RIF	SNP_CN_761108_G1302A_M434I_rpoB	Table-10-snp	2	0	0	2	2
RIF	SNP_CN_761097_A1291G_S431G_rpoB	Table-10-snp	3	0	0	3	3
RIF	SNP_CN_761100_C1294A_Q432K_rpoB	AJRCCM/Table-10-snp	6	1	0	7	7
RIF	SNP_CN_761100_C1294G_Q432E_rpoB	AJRCCM/Table-10-snp	2	0	0	2	2
RIF	SNP_CN_761101_A1295C_Q432P_rpoB	AJRCCM/Table-10-snp	7	0	0	7	7
RIF	SNP_CN_761101_A1295T_Q432L_rpoB	AJRCCM/Table-10-snp	3	1	0	4	4
RIF	SNP_CN_761106_A1300G_M434V_rpoB	Table-10-snp	1	1	0	2	2
RIF	SNP_CN_761108_G1302C_M434I_rpoB	Table-10-snp	7	0	0	7	7
RIF	SNP_CN_761110_A1304T_D435V_rpoB	AJRCCM/Table-10-snp	262	26	0	288	288
RIF	SNP_CN_761108_G1302T_M434I_rpoB	Table-10-snp	1	0	0	1	1
RIF	SNP_CN_761109_G1303A_D435N_rpoB	AJRCCM/Table-10-snp	2	0	0	2	2
RIF	SNP_CN_761109_G1303C_D435H_rpoB	AJRCCM/Table-10-snp	1	0	0	1	1
RIF	SNP_CN_761109_G1303T_D435Y_rpoB	AJRCCM/Table-10-snp	67	20	0	87	87
RIF	SNP_CN_761110_A1304C_D435A_rpoB	AJRCCM/Table-10-snp	3	0	0	3	3
RIF	SNP_CN_761110_A1304G_D435G_rpoB	AJRCCM/Table-10-snp	19	45	0	64	64
RIF	SNP_CN_760600_A794G_D265G_rpoB	Table-10-snp	1	0	0	1	1
RIF	SNP_CN_759888_G82A_G28R_rpoB	Table-10-snp	0	1	0	1	1
RIF	SNP_CN_760567_C761T_S254L_rpoB	Table-10-snp	1	0	0	1	1
RIF	SNP_CN_760566_T760C_S254P_rpoB	Table-10-snp	0	1	0	1	1
RIF	SNP_CN_759814_A8G_D3G_rpoB	Table-10-snp	0	5	0	5	5
RIF	SNP_CN_759841_G35C_S12T_rpoB	Table-10-snp	0	5	0	5	5
RIF	SNP_CN_759862_A56G_Q19R_rpoB	Table-10-snp	0	2	0	2	2
RIF	SNP_CN_759868_C62T_S21F_rpoB	Table-10-snp	0	1	0	1	1
RIF	SNP_CN_759876_A70G_N24D_rpoB	Table-10-snp	0	1	0	1	1
RIF	SNP_CN_759886_C80A_P27H_rpoB	Table-10-snp	0	1	0	1	1
RIF	SNP_CN_761151_C1345A_L449M_rpoB	Table-10-snp	1	0	0	1	1
RIF	SNP_CN_759894_C88T_P30S_rpoB	Table-10-snp	0	1	0	1	1
RIF	SNP_CN_759906_T100G_S34A_rpoB	Table-10-snp	0	1	0	1	1
RIF	SNP_CN_759916_A110C_K37T_rpoB	Table-10-snp	0	1	0	1	1
RIF	SNP_CN_759921_C115A_R39S_rpoB	Table-10-snp	0	1	0	1	1
RIF	SNP_CN_759930_C124T_L42F_rpoB	Table-10-snp	1	0	0	1	1
RIF	SNP_CN_759939_C133A_P45T_rpoB	Table-10-snp	1	0	0	1	1
RIF	SNP_CN_759939_C133G_P45A_rpoB	Table-10-snp	1	0	0	1	1
RIF	SNP_CN_759939_C133T_P45S_rpoB	Table-10-snp	11	1	0	12	12
RIF	INS_CI_762353_i2546CGAGGA_849RE_rpoB	AJRCCM/Table-10-snp	0	4	0	4	4
RIF	INS_CI_761708_i1901CGT_634D_rpoB	AJRCCM/Table-10-snp	1	0	0	1	1
RIF	INS_CI_761455_i1648AGC_550E_rpoB	AJRCCM/Table-10-snp	1	0	0	1	1
RIF	DEL_CD_761115_d1308AAC_437_rpoB	AJRCCM/Table-10-snp	2	0	0	2	2
RIF	DEL_CD_761083_d1276GCACCA_426_rpoB	AJRCCM/Table-10-snp	1	0	0	1	1
RIF	DEL_CD_761088_d1281AGCCAGCTG_428_rpoB	AJRCCM/Table-10-snp	1	0	0	1	1
RIF	DEL_CD_761099_d1292CCAATTCATGGA_431_rpoB	AJRCCM/Table-10-snp	2	0	0	2	2
RIF	DEL_CD_761101_d1294AATTCATGG_432_rpoB	AJRCCM/Table-10-snp	2	0	0	2	2
RIF	DEL_CD_761101_d1294AATTCA_432_rpoB	AJRCCM/Table-10-snp	1	0	0	1	1
RIF	DEL_CD_761105_d1298CATGGA_433_rpoB	AJRCCM/Table-10-snp	1	0	0	1	1
RIF	DEL_CD_761133_d1326TTGACC_443_rpoB	AJRCCM/Table-10-snp	1	0	0	1	1
RIF	INS_CI_761107_i1300TGG_434M_rpoB	AJRCCM/Table-10-snp	1	0	0	1	1
RIF	DEL_CD_761140_d1333ACA_445_rpoB	AJRCCM/Table-10-snp	1	0	0	1	1
RIF	INS_CI_760096_i289TGTCGT_97MS_rpoB	AJRCCM/Table-10-snp	1	0	0	1	1
RIF	INS_CI_760350_i543GACGAGACCATT_182DETI_rpoB	AJRCCM/Table-10-snp	1	0	0	1	1
RIF	INS_CI_760365_i558GAGACCATTGAC_187ETID_rpoB	AJRCCM/Table-10-snp	1	0	0	1	1
RIF	INS_CI_761099_i1292CCA_431S_rpoB	AJRCCM/Table-10-snp	2	0	0	2	2
RIF	INS_CI_761103_i1296TTC_433F_rpoB	AJRCCM/Table-10-snp	5	0	0	5	5
RIF	SNP_CN_759940_C134G_P45R_rpoB	Table-10-snp	1	0	0	1	1
RIF	SNP_CN_759940_C134T_P45L_rpoB	Table-10-snp	4	3	0	7	7
RIF	SNP_CN_759963_G157A_D53N_rpoB	Table-10-snp	0	4	0	4	4
RIF	SNP_CN_760389_A583C_S195R_rpoB	Table-10-snp	0	1	0	1	1
RIF	SNP_CN_760306_G500A_R167H_rpoB	Table-10-snp	5	0	0	5	5
RIF	SNP_CN_760309_T503C_V168A_rpoB	Table-10-snp	2	0	0	2	2
RIF	SNP_CN_760314_G508C_V170L_rpoB	AJRCCM/Table-10-snp	1	0	0	1	1
RIF	SNP_CN_760314_G508T_V170F_rpoB	AJRCCM/Table-10-snp	15	1	0	16	16
RIF	SNP_CN_760321_A515G_Q172R_rpoB	Table-10-snp	3	0	0	3	3
RIF	SNP_CN_760342_T536C_V179A_rpoB	Table-10-snp	0	1	0	1	1
RIF	SNP_CN_760425_G619A_E207K_rpoB	Table-10-snp	7	0	0	7	7
RIF	SNP_CN_760281_A475C_T159P_rpoB	Table-10-snp	0	2	0	2	2
RIF	SNP_CN_760461_C655T_R219C_rpoB	Table-10-snp	1	0	0	1	1
RIF	SNP_CN_760479_C673G_R225G_rpoB	Table-10-snp	1	0	0	1	1
RIF	SNP_CN_760482_C676G_Q226E_rpoB	Table-10-snp	1	0	0	1	1
RIF	SNP_CN_760483_A677G_Q226R_rpoB	Table-10-snp	1	0	0	1	1
RIF	SNP_CN_760536_G730A_E244K_rpoB	Table-10-snp	1	0	0	1	1
RIF	SNP_CN_760555_A749G_E250G_rpoB	Table-10-snp	14	16	0	30	30
RIF	SNP_CN_760305_C499T_R167C_rpoB	Table-10-snp	0	1	0	1	1
RIF	SNP_CN_760264_T458C_M153T_rpoB	Table-10-snp	0	1	0	1	1
RIF	SNP_CN_760002_G196A_E66K_rpoB	Table-10-snp	0	3	0	3	3
RIF	SNP_CN_760072_C266T_P89L_rpoB	Table-10-snp	0	1	0	1	1
RIF	SNP_CN_760011_G205C_A69P_rpoB	Table-10-snp	0	2	0	2	2
RIF	SNP_CN_760035_G229A_V77M_rpoB	Table-10-snp	0	1	0	1	1
RIF	SNP_CN_760044_C238G_L80V_rpoB	Table-10-snp	0	1	0	1	1
RIF	SNP_CN_760051_A245G_E82G_rpoB	Table-10-snp	1	0	0	1	1
RIF	SNP_CN_760062_G256A_E86K_rpoB	Table-10-snp	1	0	0	1	1
RIF	SNP_CN_760066_T260G_L87R_rpoB	Table-10-snp	1	0	0	1	1
RIF	SNP_CN_760083_T277G_F93V_rpoB	Table-10-snp	1	0	0	1	1
RIF	SNP_CN_760209_A403G_N135D_rpoB	Table-10-snp	1	0	0	1	1
RIF	SNP_CN_760115_C309G_D103E_rpoB	Table-10-snp	0	1	0	1	1
RIF	SNP_CN_760131_G325A_V109I_rpoB	Table-10-snp	0	1	0	1	1
RIF	SNP_CN_760143_G337A_V113I_rpoB	Table-10-snp	2	5	0	7	7
RIF	SNP_CN_760167_A361G_M121V_rpoB	Table-10-snp	0	1	0	1	1
RIF	SNP_CN_760169_G363A_M121I_rpoB	Table-10-snp	0	1	0	1	1
RIF	SNP_CN_760202_G396C_E132D_rpoB	Table-10-snp	0	1	0	1	1
RIF	SNP_CN_761149_G1343A_R448Q_rpoB	Table-10-snp	7	0	0	7	7
RIF	SNP_CN_760969_C1163T_S388L_rpoB	Table-10-snp	1	22	0	23	23
RIF	SNP_CN_761154_T1348A_S450T_rpoB	AJRCCM/Table-10-snp	3	1	0	4	4
RIF	SNP_CN_762475_G2669A_G890D_rpoB	Table-10-snp	0	4	0	4	4
RIF	SNP_CN_762286_G2480A_R827H_rpoB	Table-10-snp	4	0	0	4	4
RIF	SNP_CN_762300_A2494G_K832E_rpoB	Table-10-snp	1	0	0	1	1
RIF	SNP_CN_762306_C2500A_P834T_rpoB	Table-10-snp	1	0	0	1	1
RIF	SNP_CN_762307_C2501T_P834L_rpoB	Table-10-snp	0	1	0	1	1
RIF	SNP_CN_762310_A2504C_H835P_rpoB	Table-10-snp	2	0	0	2	2
RIF	SNP_CN_762310_A2504G_H835R_rpoB	Table-10-snp	6	0	0	6	6
RIF	SNP_CN_762311_C2505A_H835Q_rpoB	Table-10-snp	1	0	0	1	1
RIF	SNP_CN_762312_G2506A_G836S_rpoB	Table-10-snp	3	0	0	3	3
RIF	SNP_CN_762358_A2552G_D851G_rpoB	Table-10-snp	0	1	0	1	1
RIF	SNP_CN_762375_G2569A_A857T_rpoB	Table-10-snp	0	3	0	3	3
RIF	SNP_CN_762391_T2585G_L862R_rpoB	Table-10-snp	1	1	0	2	2
RIF	SNP_CN_762418_G2612A_R871H_rpoB	Table-10-snp	1	0	0	1	1
RIF	SNP_CN_762421_A2615G_K872R_rpoB	Table-10-snp	0	1	0	1	1
RIF	SNP_CN_762423_A2617T_I873F_rpoB	Table-10-snp	2	1	0	3	3
RIF	SNP_CN_762427_C2621A_S874Y_rpoB	Table-10-snp	7	0	0	7	7
RIF	SNP_CN_762285_C2479T_R827C_rpoB	Table-10-snp	7	9	0	16	16
RIF	SNP_CN_762280_A2474G_E825G_rpoB	Table-10-snp	0	1	0	1	1
RIF	SNP_CN_762277_G2471T_R824L_rpoB	Table-10-snp	0	1	0	1	1
RIF	SNP_CN_762054_G2248A_E750K_rpoB	Table-10-snp	1	0	0	1	1
RIF	SNP_CN_761926_T2120C_M707T_rpoB	Table-10-snp	1	0	0	1	1
RIF	SNP_CN_761973_C2167G_H723D_rpoB	Table-10-snp	1	0	0	1	1
RIF	SNP_CN_761973_C2167T_H723Y_rpoB	Table-10-snp	2	0	0	2	2
RIF	SNP_CN_761998_T2192C_L731P_rpoB	Table-10-snp	24	0	0	24	24
RIF	SNP_CN_762027_C2221T_L741F_rpoB	Table-10-snp	1	0	0	1	1
RIF	SNP_CN_762039_C2233T_H745Y_rpoB	Table-10-snp	1	0	0	1	1
RIF	SNP_CN_762089_G2283C_E761D_rpoB	Table-10-snp	151	17	0	168	168
RIF	SNP_CN_762276_C2470A_R824S_rpoB	Table-10-snp	1	0	0	1	1
RIF	SNP_CN_762135_G2329A_D777N_rpoB	Table-10-snp	2	0	0	2	2
RIF	SNP_CN_762153_A2347G_I783V_rpoB	Table-10-snp	0	1	0	1	1
RIF	SNP_CN_762177_C2371T_R791C_rpoB	Table-10-snp	0	2	0	2	2
RIF	SNP_CN_762205_T2399C_V800A_rpoB	Table-10-snp	0	1	0	1	1
RIF	SNP_CN_762211_C2405T_P802L_rpoB	Table-10-snp	1	0	0	1	1
RIF	SNP_CN_762241_A2435G_E812G_rpoB	Table-10-snp	2	0	0	2	2
RIF	SNP_CN_762427_C2621T_S874F_rpoB	Table-10-snp	1	0	0	1	1
RIF	SNP_CN_762477_A2671G_K891E_rpoB	Table-10-snp	1	0	0	1	1
RIF	SNP_CN_761889_G2083C_V695L_rpoB	Table-10-snp	73	25	0	98	98
RIF	SNP_CN_762484_T2678G_L893R_rpoB	Table-10-snp	0	1	0	1	1
RIF	SNP_CN_762967_A3161G_K1054R_rpoB	Table-10-snp	0	1	0	1	1
RIF	SNP_CN_762974_G3168C_Q1056H_rpoB	Table-10-snp	1	0	0	1	1
RIF	SNP_CN_763005_T3199G_C1067G_rpoB	Table-10-snp	0	1	0	1	1
RIF	SNP_CN_763045_A3239G_Q1080R_rpoB	Table-10-snp	1	0	0	1	1
RIF	SNP_CN_763090_A3284G_K1095R_rpoB	Table-10-snp	1	0	0	1	1
RIF	SNP_CN_763092_G3286A_V1096M_rpoB	Table-10-snp	2	0	0	2	2
RIF	SNP_CN_763111_A3305C_K1102T_rpoB	Table-10-snp	2	0	0	2	2
RIF	SNP_CN_763123_T3317C_I1106T_rpoB	Table-10-snp	8	42	0	50	50
RIF	SNP_CN_763155_G3349C_V1117L_rpoB	Table-10-snp	0	1	0	1	1
RIF	SNP_CN_763176_T3370G_S1124A_rpoB	Table-10-snp	0	2	0	2	2
RIF	SNP_CN_763192_T3386C_V1129A_rpoB	Table-10-snp	0	1	0	1	1
RIF	SNP_CN_763312_A3506C_E1169A_rpoB	Table-10-snp	0	1	0	1	1
RIF	SNP_CN_763320_G3514C_A1172P_rpoB	Table-10-snp	1	0	0	1	1
RIF	SNP_CZ_761155_C1349A_S450*_rpoB	AJRCCM/Table-10-snp	11	1	0	12	12
RIF	SNP_CN_761154_T1348C_S450P_rpoB	AJRCCM/Table-10-snp	9	1	0	10	10
RIF	SNP_CN_762915_G3109T_A1037S_rpoB	Table-10-snp	0	1	0	1	1
RIF	SNP_CN_762910_T3104C_I1035T_rpoB	Table-10-snp	1	0	0	1	1
RIF	SNP_CN_762889_A3083G_H1028R_rpoB	Table-10-snp	3	4	0	7	7
RIF	SNP_CN_762675_C2869G_L957V_rpoB	Table-10-snp	1	0	0	1	1
RIF	SNP_CN_762523_C2717T_P906L_rpoB	Table-10-snp	1	0	0	1	1
RIF	SNP_CN_762535_T2729C_I910T_rpoB	Table-10-snp	0	1	0	1	1
RIF	SNP_CN_762564_A2758G_M920V_rpoB	Table-10-snp	2	0	0	2	2
RIF	SNP_CN_762579_A2773G_I925V_rpoB	Table-10-snp	3	3	0	6	6
RIF	SNP_CN_762636_A2830G_K944E_rpoB	Table-10-snp	1	5	0	6	6
RIF	SNP_CN_762667_C2861A_P954H_rpoB	Table-10-snp	0	1	0	1	1
RIF	SNP_CN_762714_G2908A_V970M_rpoB	Table-10-snp	3	0	0	3	3
RIF	SNP_CN_762823_A3017G_D1006G_rpoB	Table-10-snp	0	2	0	2	2
RIF	SNP_CN_762715_T2909C_V970A_rpoB	Table-10-snp	11	0	0	11	11
RIF	SNP_CN_762724_G2918A_G973D_rpoB	Table-10-snp	2	0	0	2	2
RIF	SNP_CN_762731_G2925T_Q975H_rpoB	Table-10-snp	3	7	0	10	10
RIF	SNP_CN_762745_A2939G_Q980R_rpoB	Table-10-snp	1	0	0	1	1
RIF	SNP_CN_762793_T2987G_V996G_rpoB	Table-10-snp	1	0	0	1	1
RIF	SNP_CN_762799_C2993T_A998V_rpoB	Table-10-snp	0	1	0	1	1
RIF	SNP_CN_761905_C2099T_P700L_rpoB	Table-10-snp	1	0	0	1	1
RIF	SNP_CN_762748_G2942A_G981D_rpoB	Table-10-snp	1	0	0	1	1
RIF	SNP_CN_761880_G2074A_A692T_rpoB	Table-10-snp	53	1	0	54	54
RIF	SNP_CN_761440_A1634C_D545A_rpoB	Table-10-snp	0	1	0	1	1
RIF	SNP_CN_761278_T1472G_I491S_rpoB	AJRCCM/Table-10-snp	3	0	0	3	3
RIF	SNP_CN_761283_T1477A_S493T_rpoB	Table-10-snp	0	1	0	1	1
RIF	SNP_CN_761287_T1481C_L494P_rpoB	Table-10-snp	2	0	0	2	2
RIF	SNP_CN_761292_G1486A_V496M_rpoB	Table-10-snp	4	0	0	4	4
RIF	SNP_CN_761292_G1486T_V496L_rpoB	Table-10-snp	6	1	0	7	7
RIF	SNP_CN_761293_T1487C_V496A_rpoB	Table-10-snp	5	1	0	6	6
RIF	SNP_CN_761293_T1487G_V496G_rpoB	Table-10-snp	1	0	0	1	1
RIF	SNP_CN_761314_T1508C_F503S_rpoB	Table-10-snp	6	0	0	6	6
RIF	SNP_CN_761338_G1532T_R511L_rpoB	Table-10-snp	0	1	0	1	1
RIF	SNP_CN_761349_G1543T_D515Y_rpoB	Table-10-snp	0	1	0	1	1
RIF	SNP_CN_761406_G1600A_V534M_rpoB	Table-10-snp	2	0	0	2	2
RIF	SNP_CN_761407_T1601C_V534A_rpoB	Table-10-snp	1	0	0	1	1
RIF	SNP_CN_761407_T1601G_V534G_rpoB	Table-10-snp	3	0	0	3	3
RIF	SNP_CN_761419_C1613T_A538V_rpoB	Table-10-snp	1	0	0	1	1
RIF	SNP_CN_761424_T1618G_S540A_rpoB	Table-10-snp	0	1	0	1	1
RIF	SNP_CN_761278_T1472C_I491T_rpoB	AJRCCM/Table-10-snp	1	0	0	1	1
RIF	SNP_CN_761277_A1471T_I491F_rpoB	AJRCCM/Table-10-snp	10	18	0	28	28
RIF	SNP_CN_761277_A1471G_I491V_rpoB	AJRCCM/Table-10-snp	1	0	0	1	1
RIF	SNP_CN_761167_C1361T_P454L_rpoB	Table-10-snp	4	3	0	7	7
RIF	SNP_CN_761155_C1349G_S450W_rpoB	AJRCCM/Table-10-snp	34	15	0	49	49
RIF	SNP_CN_761850_C2044A_P682T_rpoB	Table-10-snp	0	1	0	1	1
RIF	SNP_CN_761155_C1349T_S450L_rpoB	AJRCCM/Table-10-snp	1683	224	0	1907	1907
RIF	SNP_CN_761158_C1352G_A451G_rpoB	Table-10-snp	1	0	0	1	1
RIF	SNP_CN_761161_T1355C_L452P_rpoB	AJRCCM/Table-10-snp	44	77	0	121	121
RIF	SNP_CN_761167_C1361G_P454R_rpoB	Table-10-snp	1	0	0	1	1
RIF	SNP_CN_761185_A1379G_E460G_rpoB	Table-10-snp	2	0	0	2	2
RIF	SNP_CN_761268_A1462G_I488V_rpoB	Table-10-snp	17	1	0	18	18
RIF	SNP_CN_761211_G1405T_V469L_rpoB	Table-10-snp	1	0	0	1	1
RIF	SNP_CN_761244_A1438G_I480V_rpoB	Table-10-snp	7	2	0	9	9
RIF	SNP_CN_761245_T1439C_I480T_rpoB	Table-10-snp	1	0	0	1	1
RIF	SNP_CN_761248_A1442C_E481A_rpoB	Table-10-snp	4	0	0	4	4
RIF	SNP_CN_761266_A1460G_N487S_rpoB	Table-10-snp	0	1	0	1	1
RIF	SNP_CN_761268_A1462C_I488L_rpoB	Table-10-snp	1	0	0	1	1
RIF	SNP_CN_761437_C1631T_A544V_rpoB	Table-10-snp	0	1	0	1	1
RIF	SNP_CN_761251_C1445A_T482N_rpoB	Table-10-snp	1	0	0	1	1
RIF	SNP_CN_761441_C1635G_D545E_rpoB	Table-10-snp	2	3	0	5	5
RIF	SNP_CN_761803_T1997C_M666T_rpoB	Table-10-snp	0	1	0	1	1
RIF	SNP_CN_761583_C1777T_H593Y_rpoB	Table-10-snp	1	0	0	1	1
RIF	SNP_CN_761591_C1785G_D595E_rpoB	Table-10-snp	1	0	0	1	1
RIF	SNP_CN_761707_A1901G_D634G_rpoB	Table-10-snp	1	1	0	2	2
RIF	SNP_CN_761721_G1915C_E639Q_rpoB	Table-10-snp	0	1	0	1	1
RIF	SNP_CN_761722_A1916G_E639G_rpoB	Table-10-snp	0	1	0	1	1
RIF	SNP_CN_761723_A1917C_E639D_rpoB	Table-10-snp	1	22	0	23	23
RIF	SNP_CN_761821_C2015A_S672Y_rpoB	Table-10-snp	1	0	0	1	1
RIF	SNP_CN_761559_A1753G_T585A_rpoB	Table-10-snp	1	0	0	1	1
RIF	SNP_CN_761826_C2020A_H674N_rpoB	Table-10-snp	0	1	0	1	1
RIF	SNP_CN_761828_C2022G_H674Q_rpoB	Table-10-snp	0	1	0	1	1
RIF	SNP_CN_761830_G2024A_G675D_rpoB	Table-10-snp	3	0	0	3	3
RIF	SNP_CN_761455_A1649G_E550G_rpoB	Table-10-snp	1	0	0	1	1
RIF	SNP_CN_761832_A2026G_T676A_rpoB	Table-10-snp	1	0	0	1	1
RIF	SNP_CN_761832_A2026C_T676P_rpoB	Table-10-snp	1	1	0	2	2
RIF	SNP_CN_761566_T1760C_M587T_rpoB	Table-10-snp	1	0	0	1	1
RIF	SNP_CN_761788_G1982A_R661Q_rpoB	Table-10-snp	0	2	0	2	2
RIF	SNP_CN_761557_C1751A_A584D_rpoB	Table-10-snp	1	0	0	1	1
RIF	SNP_CN_761518_A1712C_D571A_rpoB	Table-10-snp	1	0	0	1	1
RIF	SNP_CN_761547_G1741T_V581L_rpoB	Table-10-snp	1	0	0	1	1
RIF	SNP_CN_761461_G1655A_R552H_rpoB	Table-10-snp	4	0	0	4	4
RIF	SNP_CN_761460_C1654A_R552S_rpoB	Table-10-snp	2	0	0	2	2
RIF	SNP_CN_761467_T1661C_L554P_rpoB	Table-10-snp	1	1	0	2	2
RIF	SNP_CN_761470_T1664C_V555A_rpoB	Table-10-snp	0	1	0	1	1
RIF	SNP_CN_761491_T1685C_V562A_rpoB	Table-10-snp	1	0	0	1	1
RIF	SNP_CN_761495_G1689T_E563D_rpoB	Table-10-snp	0	1	0	1	1
RIF	SNP_CN_761495_G1689C_E563D_rpoB	Table-10-snp	0	2	0	2	2
RIF	SNP_CN_761528_C1722A_D574E_rpoB	Table-10-snp	1	0	0	1	1
RIF	SNP_CN_761535_C1729G_P577A_rpoB	Table-10-snp	1	0	0	1	1
RIF	SNP_CN_761539_G1733A_R578H_rpoB	Table-10-snp	2	0	0	2	2
RIF	SNP_CN_761547_G1741A_V581M_rpoB	Table-10-snp	0	3	0	3	3
RIF	SNP_CN_761461_G1655T_R552L_rpoB	Table-10-snp	3	0	0	3	3
PZA	SNP_CN_1834527_G986T_R329L_rpsA	Table-10-snp	1	0	0	1	1
PZA	SNP_CN_1834710_A1169G_Y390C_rpsA	Table-10-snp	1	0	0	1	1
PZA	SNP_CN_1834505_C964T_H322Y_rpsA	Table-10-snp	2	0	0	2	2
PZA	SNP_CN_1834439_A898G_K300E_rpsA	Table-10-snp	0	1	0	1	1
PZA	SNP_CN_1834560_T1019C_V340A_rpsA	IGNORE	0	1	0	1	1
PZA	SNP_CN_1834433_C892T_P298S_rpsA	IGNORE	0	1	0	1	1
PZA	SNP_CN_1834664_C1123T_P375S_rpsA	Table-10-snp	1	0	0	1	1
PZA	SNP_CN_1834683_C1142T_A381V_rpsA	Table-10-snp	74	6	0	80	80
PZA	SNP_CN_1834695_A1154G_D385G_rpsA	Table-10-snp	2	0	0	2	2
PZA	SNP_CN_1834698_A1157C_E386A_rpsA	Table-10-snp	0	1	0	1	1
PZA	SNP_CN_1834779_A1238G_E413G_rpsA	Table-10-snp	0	1	0	1	1
PZA	SNP_CN_1834763_G1222A_E408K_rpsA	IGNORE	0	1	0	1	1
PZA	SNP_CN_1834767_A1226G_K409R_rpsA	Table-10-snp	1	0	0	1	1
PZA	SNP_CN_1834770_A1229G_Q410R_rpsA	Table-10-snp	2	0	0	2	2
PZA	SNP_CN_1834772_C1231A_R411S_rpsA	Table-10-snp	0	2	0	2	2
PZA	SNP_CN_1834776_C1235T_A412V_rpsA	Table-10-snp	6	1	0	7	7
PZA	SNP_CN_1834786_A1245C_E415D_rpsA	IGNORE	0	3	0	3	3
PZA	SNP_CN_1834806_A1265C_E422A_rpsA	IGNORE	0	2	0	2	2
PZA	SNP_CN_1834815_A1274G_H425R_rpsA	Table-10-snp	0	1	0	1	1
PZA	SNP_CN_1834319_G778A_V260I_rpsA	IGNORE	0	14	0	14	14
PZA	SNP_CN_1834859_G1318A_A440T_rpsA	Table-10-snp	20	1	0	21	21
PZA	SNP_CN_1834836_T1295C_M432T_rpsA	IGNORE	0	119	0	119	119
PZA	SNP_CN_1834836_T1295C_M432T_rpsA	Table-10-snp	53	81	0	134	134
PZA	SNP_CN_1834319_G778A_V260I_rpsA	Table-10-snp	2	4	0	6	6
PZA	SNP_CN_1834020_A479C_D160A_rpsA	Table-10-snp	1	0	0	1	1
PZA	SNP_CN_1834226_G685T_G229C_rpsA	Table-10-snp	1	0	0	1	1
PZA	SNP_CN_1834212_C671G_A224G_rpsA	Table-10-snp	1	0	0	1	1
PZA	SNP_CN_1833904_G363C_E121D_rpsA	IGNORE	0	2	0	2	2
PZA	SNP_CN_1833894_C353A_A118E_rpsA	IGNORE	0	1	0	1	1
PZA	SNP_CN_1834911_A1370G_E457G_rpsA	Table-10-snp	0	1	0	1	1
PZA	SNP_CN_1833904_G363C_E121D_rpsA	Table-10-snp	0	1	0	1	1
PZA	SNP_CN_1833906_A365T_K122M_rpsA	Table-10-snp	0	3	0	3	3
PZA	SNP_CN_1833909_A368C_D123A_rpsA	IGNORE	0	6	0	6	6
PZA	SNP_CN_1833909_A368C_D123A_rpsA	Table-10-snp	0	4	0	4	4
PZA	SNP_CN_1833917_G376T_V126F_rpsA	Table-10-snp	0	1	0	1	1
PZA	SNP_CN_1833922_G381C_K127N_rpsA	Table-10-snp	0	1	0	1	1
PZA	SNP_CN_1833972_T431C_L144P_rpsA	Table-10-snp	0	1	0	1	1
PZA	SNP_CN_1834013_G472C_V158L_rpsA	Table-10-snp	1	0	0	1	1
PZA	SNP_CN_1834022_C481A_L161M_rpsA	Table-10-snp	0	2	0	2	2
PZA	SNP_CN_1834022_C481G_L161V_rpsA	Table-10-snp	2	0	0	2	2
PZA	SNP_CN_1834023_T482A_L161Q_rpsA	Table-10-snp	0	1	0	1	1
PZA	SNP_CN_1834028_C487T_P163S_rpsA	IGNORE	0	2	0	2	2
PZA	SNP_CN_1834040_A499C_K167Q_rpsA	Table-10-snp	0	3	0	3	3
PZA	SNP_CN_1834059_T518C_I173T_rpsA	Table-10-snp	1	0	0	1	1
PZA	SNP_CN_1834106_G565C_A189P_rpsA	Table-10-snp	0	1	0	1	1
PZA	SNP_CN_1834130_G589A_E197K_rpsA	IGNORE	0	1	0	1	1
PZA	SNP_CN_1834130_G589A_E197K_rpsA	Table-10-snp	0	3	0	3	3
PZA	SNP_CN_1834160_C619A_Q207K_rpsA	IGNORE	0	1	0	1	1
PZA	SNP_CN_1834170_C629T_T210I_rpsA	IGNORE	0	1	0	1	1
PZA	SNP_CN_1834202_A661G_N221D_rpsA	Table-10-snp	0	1	0	1	1
PZA	SNP_CN_1834884_A1343G_Q448R_rpsA	Table-10-snp	0	1	0	1	1
PZA	SNP_CN_2288767_G475C_L159V_pncA	AJRCCM/Table-10-snp	1	3	0	4	4
PZA	SNP_CN_1834916_A1375C_T459P_rpsA	IGNORE	0	1	0	1	1
PZA	SNP_CN_1834919_G1378A_A460T_rpsA	IGNORE	0	1	0	1	1
PZA	SNP_CN_2288757_C485T_G162D_pncA	Table-10-snp	1	0	0	1	1
PZA	SNP_CN_2288763_G479T_T160K_pncA	AJRCCM/Table-10-snp	1	0	0	1	1
PZA	SNP_CN_2288764_T478C_T160A_pncA	AJRCCM/Table-10-snp	7	0	0	7	7
PZA	SNP_CN_2288764_T478G_T160P_pncA	AJRCCM/Table-10-snp	1	1	0	2	2
PZA	SNP_CN_2288766_A476C_L159R_pncA	AJRCCM/Table-10-snp	4	0	0	4	4
PZA	SNP_CN_2288775_A467G_L156P_pncA	AJRCCM/Table-10-snp	1	0	0	1	1
PZA	SNP_CN_2288775_A467T_L156Q_pncA	AJRCCM/Table-10-snp	1	0	0	1	1
PZA	SNP_CN_2288778_A464C_V155G_pncA	AJRCCM/Table-10-snp	5	1	0	6	6
PZA	SNP_CN_2288778_A464G_V155A_pncA	AJRCCM/Table-10-snp	1	0	0	1	1
PZA	SNP_CN_2288779_C463T_V155M_pncA	AJRCCM/Table-10-snp	2	1	0	3	3
PZA	SNP_CN_2288782_T460C_R154G_pncA	Table-10-snp	1	0	0	1	1
PZA	SNP_CN_2288790_A452G_L151S_pncA	Table-10-snp	1	1	0	2	2
PZA	SNP_CN_2288805_G437A_A146V_pncA	AJRCCM/Table-10-snp	4	0	0	4	4
PZA	SNP_CN_2288805_G437T_A146E_pncA	AJRCCM/Table-10-snp	7	4	0	11	11
PZA	SNP_CN_2288806_C436G_A146P_pncA	AJRCCM/Table-10-snp	1	0	0	1	1
PZA	SNP_CN_2288806_C436T_A146T_pncA	AJRCCM/Table-10-snp	0	1	0	1	1
PZA	SNP_CN_2288814_G428A_A143V_pncA	Table-10-snp	0	4	0	4	4
PZA	SNP_CN_2288815_C427T_A143T_pncA	Table-10-snp	0	1	0	1	1
PZA	SNP_CN_2288818_T424C_T142A_pncA	AJRCCM/Table-10-snp	2	0	0	2	2
PZA	SNP_CN_2288818_T424G_T142P_pncA	AJRCCM/Table-10-snp	1	0	0	1	1
PZA	SNP_CN_2288820_T422G_Q141P_pncA	AJRCCM/Table-10-snp	12	2	0	14	14
PZA	SNP_CN_1833797_G256A_V86I_rpsA	Table-10-snp	1	0	0	1	1
PZA	SNP_CN_2288823_C419G_R140P_pncA	Table-10-snp	7	0	0	7	7
PZA	SNP_CN_2288754_A488G_V163A_pncA	Table-10-snp	1	2	0	3	3
PZA	SNP_CN_2288754_A488C_V163G_pncA	Table-10-snp	0	1	0	1	1
PZA	SNP_CN_2288752_A490G_S164P_pncA	Table-10-snp	5	1	0	6	6
PZA	SNP_CN_2288718_A524C_M175R_pncA	AJRCCM/Table-10-snp	1	0	0	1	1
PZA	SNP_CN_1834943_G1402T_A468S_rpsA	Table-10-snp	0	1	0	1	1
PZA	SNP_CN_1834946_C1405G_Q469E_rpsA	IGNORE	0	3	0	3	3
PZA	SNP_CN_1834946_C1405G_Q469E_rpsA	Table-10-snp	0	1	0	1	1
PZA	SNP_CN_2288695_C547G_V183L_pncA	IGNORE	0	1	0	1	1
PZA	SNP_CN_2288696_C546A_L182F_pncA	AJRCCM/Table-10-snp	1	5	0	6	6
PZA	SNP_CN_2288697_A545G_L182S_pncA	AJRCCM/Table-10-snp	1	3	0	4	4
PZA	SNP_CN_2288703_A539C_V180G_pncA	AJRCCM/Table-10-snp	8	0	0	8	8
PZA	SNP_CN_2288704_C538A_V180F_pncA	AJRCCM/Table-10-snp	8	2	0	10	10
PZA	SNP_CN_2288713_T529G_T177P_pncA	Table-10-snp	0	2	0	2	2
PZA	SNP_CN_2288717_C525T_M175I_pncA	AJRCCM/Table-10-snp	1	2	0	3	3
PZA	SNP_CN_2288718_A524G_M175T_pncA	AJRCCM/Table-10-snp	3	0	0	3	3
PZA	SNP_CN_2288742_G500A_T167I_pncA	AJRCCM/Table-10-snp	1	1	0	2	2
PZA	SNP_CN_2288718_A524T_M175K_pncA	AJRCCM/Table-10-snp	1	0	0	1	1
PZA	SNP_CN_2288719_T523C_M175V_pncA	AJRCCM/Table-10-snp	2	2	0	4	4
PZA	SNP_CN_2288727_A515G_L172P_pncA	AJRCCM/Table-10-snp	4	2	0	6	6
PZA	SNP_CN_2288730_G512C_A171G_pncA	AJRCCM/Table-10-snp	0	2	0	2	2
PZA	SNP_CN_2288730_G512T_A171E_pncA	AJRCCM/Table-10-snp	2	1	0	3	3
PZA	SNP_CN_2288731_C511T_A171T_pncA	AJRCCM/Table-10-snp	2	0	0	2	2
PZA	SNP_CN_2288739_G503A_T168I_pncA	IGNORE	0	3	0	3	3
PZA	SNP_CN_2288739_G503A_T168I_pncA	Table-10-snp	0	2	0	2	2
PZA	SNP_CN_2288739_G503C_T168S_pncA	Table-10-snp	0	1	0	1	1
PZA	SNP_CN_2288740_T502G_T168P_pncA	Table-10-snp	1	0	0	1	1
PZA	SNP_CN_1833845_C304G_L102V_rpsA	IGNORE	0	2	0	2	2
PZA	DEL_CF_2288981_d261CGTGTCCAGACTGGGATGGAAGTCCGCGCCGGGAGTACCGCTGACGCAATGCGGTGGCCACGACGAGGAATAGTCCGGTGTGCCGGAGAAGTGGTCACCCGGGTCGA_88_pncA	AJRCCM/Table-10-snp	1	0	0	1	1
PZA	SNP_CN_1833783_C242A_S81Y_rpsA	Table-10-snp	0	1	0	1	1
PZA	SNP_CN_1833777_T236C_V79A_rpsA	IGNORE	0	1	0	1	1
PZA	DEL_CF_2288910_d332T_111_pncA	AJRCCM/Table-10-snp	1	0	0	1	1
PZA	DEL_CF_2288923_d319C_107_pncA	AJRCCM/Table-10-snp	1	0	0	1	1
PZA	DEL_CF_2288933_d309GTAC_104_pncA	AJRCCM/Table-10-snp	2	0	0	2	2
PZA	DEL_CF_2288939_d303TCCGGTGTAG_102_pncA	AJRCCM/Table-10-snp	3	0	0	3	3
PZA	DEL_CF_2288956_d286TG_96_pncA	Table-10-snp	2	0	0	2	2
PZA	DEL_CF_2288961_d281AACACCGCCTCGATTGCCGACGTGTCCAGACTGGGATGGAAGTCCGCGCCGGGAGTACCGCTGACGCAATGCGGTGGCCACGACGAGGAATAGTCCGGTG_94_pncA	AJRCCM/Table-10-snp	0	1	0	1	1
PZA	DEL_CF_2289011_d231G_78_pncA	IGNORE	0	1	0	1	1
PZA	DEL_CF_2289054_d188TCCGGTGTGCCGGAGAAGTGGTCACCCGGGTCGATGTGGAAGTCCTTGGTTGCCACGACGTGATGGTAGTCCGCCGCTTCGGCCAGGTAGTCGCTGATGGCGCGGGCCAGCGCGGCGCCACCGGTTACCGCCAGCGAGCCACCCTCGCAGAAGTCGTTCTGCACGTCGACGATGATCAACGCCCGCATACGTCCACCATACGTTCGGGCGACTGCCCGGGCAGTTTGCCTACCGACGCGGCAGCCACAGATATAGGGTCCATGACGCCGCGACGATCGCGAACATGACCAGCTGAGCGGCGGCCACCCAACCGGCGGGATAGATCACGCCGGTGATGTAGTGAGCGACAAATCCGTCCGGTGACAGAGGTGTCATCGCGGCCTTGGTGCGAGCCCAGCGCTCCACCCAGGTCAGCGGGCAGTCGACCCGCTTAGCGGCGATGCCGATCCCCCATATCACCGCCGGAACATGCAGCCACATCGTGCGTCGCCACCGCAGGGCAAGGAAACCGCCGGCAAGGACGTAAGCGATGAAAGCGAAGTGCATTACCACCGTTGATACAACGACGGTTTCGTACATCTCTCGGGTTGCCTTTCCAGGTCGCGGCGCTCCGGCCACTGACAGAAAAGGTTCAATTCGCCAGCGAAAACCCGTCCCATGCGATCCGGCGGTGCTGATGCGGATCGAACTCGATGCGGCACCTGCGGTCGAAAACCAGGACGGCACGGTCGTCTTGGGTGTAAGCCGGCCAGTCGTCGCCCGGAACACCAATTTGGCTGAAACAACGCCAGCGGCGTTGCACCTCGTTGCTGACCCGAAGGGCGGCACGGCGGTCGGCGGCGGCG_63_pncA	AJRCCM/Table-10-snp	1	0	0	1	1
PZA	DEL_CF_2289057_d185G_62_pncA	AJRCCM/Table-10-snp	1	1	0	2	2
PZA	DEL_CF_2289087_d155ATGTGGAAGTC_52_pncA	AJRCCM/Table-10-snp	0	1	0	1	1
PZA	DEL_CF_2289093_d149A_50_pncA	AJRCCM/Table-10-snp	1	0	0	1	1
PZA	DEL_CF_2289116_d126ATGGTAGTCCGCCGCTTCGGCCAGGTAGTCGCTGATGGCGCGGGCCAGCGCGGCGCCACCGGTTACCGCCAGCGAGCCACCCTCGCAGAAGTCGTTCTGCACGTCGACGATGATCAACGCCCGCATACGTC_43_pncA	AJRCCM/Table-10-snp	0	1	0	1	1
PZA	DEL_CF_2289201_d41C_14_pncA	AJRCCM/Table-10-snp	0	1	0	1	1
PZA	DEL_CF_2289235_d7C_3_pncA	AJRCCM/Table-10-snp	1	0	0	1	1
PZA	INS_CF_1834986_i1444G_482W_rpsA	IGNORE	0	1	0	1	1
PZA	INS_CF_1834986_i1444G_482W_rpsA	Table-10-snp	37	3	0	40	40
PZA	INS_CF_2288701_i541CGTCG_181AS_pncA	AJRCCM/Table-10-snp	0	2	0	2	2
PZA	DEL_CD_1834846_d1304CGC_435_rpsA	IGNORE	0	1	0	1	1
PZA	INS_CF_2288725_i517G_173G_pncA	AJRCCM/Table-10-snp	28	0	0	28	28
PZA	INS_CF_2288746_i496GCCG_166G_pncA	AJRCCM/Table-10-snp	2	0	0	2	2
PZA	INS_CF_2288772_i470A_157V_pncA	AJRCCM/Table-10-snp	2	0	0	2	2
PZA	INS_CF_2288777_i465TG_156C_pncA	AJRCCM/Table-10-snp	1	0	0	1	1
PZA	INS_CF_2288779_i463G_155G_pncA	IGNORE	0	1	0	1	1
PZA	DEL_CF_2288907_d335T_112_pncA	AJRCCM/Table-10-snp	1	0	0	1	1
PZA	DEL_CF_2288901_d341G_114_pncA	IGNORE	0	2	0	2	2
PZA	DEL_CF_2288853_d389ACAT_130_pncA	AJRCCM/Table-10-snp	10	0	0	10	10
PZA	DEL_CD_2289042_d200GACGAGGAATAG_67_pncA	AJRCCM/Table-10-snp	0	1	0	1	1
PZA	SNP_CN_2288826_A416G_V139A_pncA	AJRCCM/Table-10-snp	11	7	0	18	18
PZA	DEL_CD_1834846_d1304CGC_435_rpsA	Table-10-snp	0	1	0	1	1
PZA	DEL_CD_2288729_d513CGCGGCGACGGTGGTATCGGCCGACACACCCGCTGT_172_pncA	AJRCCM/Table-10-snp	0	1	0	1	1
PZA	DEL_CD_2288828_d414ACA_139_pncA	AJRCCM/Table-10-snp	1	0	0	1	1
PZA	DEL_CD_2288848_d394CGACCACAT_132_pncA	AJRCCM/Table-10-snp	1	0	0	1	1
PZA	DEL_CD_2288848_d394CGACCACAT_132_pncA	IGNORE	0	1	0	1	1
PZA	DEL_CD_2288854_d388CATCGACCT_130_pncA	AJRCCM/Table-10-snp	7	0	0	7	7
PZA	DEL_CD_2288896_d346GTGGCGTGC_116_pncA	AJRCCM/Table-10-snp	2	3	0	5	5
PZA	DEL_CD_2288896_d346GTGGCGTGC_116_pncA	IGNORE	0	5	0	5	5
PZA	DEL_CD_2288928_d314CCGCTGTACGCT_105_pncA	AJRCCM/Table-10-snp	0	1	0	1	1
PZA	DEL_CD_2289168_d74GCGCCACCGGTTACCGCCAGCGAGCCA_25_pncA	IGNORE	0	1	0	1	1
PZA	DEL_CF_2288851_d391C_131_pncA	AJRCCM/Table-10-snp	3	0	0	3	3
PZA	DEL_CF_1834965_d1423A_475_rpsA	Table-10-snp	0	2	0	2	2
PZA	DEL_CF_2288689_d553TGCAAACCAACTCGACGCTGGCGGTGCGCATCTCCTCCAGCGCGGCGACGGTGGTATCGGCCGACACACCCGCTGTCAGGTCCACCAGCACCCTGGTGGCCAAGCCATTGCGTACCGCGTCCTCGGCCGTCTGGCGCACACAATGATCGGTGGCAATACCGACCACATCGACCTCATCGACGCCGCGTTGCCGCAGCCAATTCAGCAGTGGCGTGCCGTTCTCGTCGACTCCTTCGAAGCCGCTGTACGCTCCGGTGTAGGCACCCTTGTAGAACACCGCCTCGATTGCCGACGTGTCCAGACTGGGATGGAAGTCCGCGCCGGGAGTACCGCTGACGCAATGCGGTGGCCACGACGAGGAATAGTCCGGTGTGCCGGAGAAGTGGTCACCCGGGTCGATGTGGAAGTCCTTGGTTGCCACGACGTGATGGTAGTCCGCCGCTTCGGCCAGGTAGTCGCTGATGGCGCGGGCCAGCGCGGCGCCACCGGTTACCGCCAGCGAGCCACCCTCGCAGAAGTCGTTCTGCACGTCGACGATGATCAACGCCCGCATACGTCCACCATACGTTCGGGCGACTGCCCGGGCAGTTTGCCTACCGACGCGGCAGCCACAGATATAGGGTCCATGACGCCGCGACGATCGCGAACATGACCAGCTGAGCGGCGGCCACCCAACCGGCGGGATAGATCACGCCGGTGATGTAGTGAGCGACAAATCCGTCCGGTGACAGAGGTGTCATCGCGGCCTTGGTGCGAGCCCAGCGCTCCACCCAGGTCAGCGGGCAGTCGACCCGCTTAGCGGCGATGCCGATCCCCCATATCACCGCCGGAACATGCAGCCACATCGTGCGTCGCCACCGCAGGGCAAGGAAACCGCCGGC_185_pncA	AJRCCM/Table-10-snp	7	0	0	7	7
PZA	DEL_CF_2288717_d525CATCTCCTCCAGCGCGGCGACGGTGGTATCGGCCGACACACCCGCTGTCAGGTCCACCAGCACCCTGGTGGCCAAGCCATTGCGTACCGCGTCCTCGGCCGTCTGGCGCACACAATGATCGGTGGCAATACCG_176_pncA	AJRCCM/Table-10-snp	0	1	0	1	1
PZA	DEL_CF_2288728_d514GC_172_pncA	Table-10-snp	2	0	0	2	2
PZA	DEL_CF_2288750_d492CGACACACCCGCTGTCAGGTCCACCAGCACCCTGGTGGCCAAGCCATTGCGTACCGCGTCCTCGGCCGTCTGGCGCACACAATGATCGGTGGCAATACCGACCACATCGACCTCATCGACGCCGCGTTGCCGCAGCCAATTCAGCAGTGGCGTGCCGTTCTCGTCGACTCCTTCGAAGCCGCTGTACGCTCCGGTGTAGGCACCCTTGTAGAACACCGCCTCGATTGCCGACGTGTCCAGACTGGGATGGAAGTCCGCGCCGGGAGTACCGCTGACGCAATGCGGTGGCCACGACGAGGAATAGTCCGGTGTGCCGGAGAAGTGGTCACCCGGGTCGATGTGGAAGTCCTTGGTTGCCACGACGTGATGGTAGTCCGCCGCTTCGGCCAGGTAGTCGCTGATGGCGCGGGCCAGCGCGGCGCCACCGGTTACCGCCAGCGAGCCACCCTCGCAGAAGTCGTTCTGCACGTCGACGATGATCAACGCCCGCATACGTCCACCATACGTTCGGGCGACTGCCCGGGCAGTTTGCCTACCGACGCGGCAGCCACAGATATAGGGTCCATGACGCCGCGACGATCGCGAACATGACCAGCTGAGCGGCGGCCACCCAACCGGCGGGATAGATCACGCCGGTGATGTAGTGAGCGACAAATCCGTCCGGTGACAGAGGTGTCATCGCGGCCTTGGTGCGAGCCCAGCGCTCCACCCAGGTCAGCGGGCAGTCGACCCGCTTAGCGGCGATGCCGATCCCCCATATCACCGCCGGAACATGCAGCCACATCGTGCGTCGCCACCGCAGGGCAAGGAAACCGCCGGCAAGGACGTAAGCGATGAAAGCGAAGTGCATTACCACCGTTGATACAACGACGGTTTCGTACATCTCTCGGGTTGCCTTTCCAGGTCGCGGCGCTCCGGCCACTGACAGAAAAGGTTCAATTCGCCAGCGAAAACCCGTCCCATGCGATCCGGCGGTGCTGATGCGGATCGAACTCGATGCGGCACCTGCGGTCGAAAACCAGGACGGCACGGTCGTCTTGGGTGTAAGCCGGCCAGTCGTCGCCCGGAACACCAATTTGGCTGAAACAACGCCAGCGGCGTTGCACCTCGTTGCTGACCCGAAGGGCGGCACGGCGGTCGGCGGCGGCGGTCAGCAATGCGCCAAATCTGGTGCGATAGATGTCGAAGACGGCAAACAGTTCGGTGGCATGGGTGGCGCCGAAACCCGACCAGCGCA_165_pncA	AJRCCM/Table-10-snp	1	0	0	1	1
PZA	DEL_CF_2288762_d480T_161_pncA	AJRCCM/Table-10-snp	1	0	0	1	1
PZA	DEL_CF_2288776_d466GCACCCTG_156_pncA	AJRCCM/Table-10-snp	3	0	0	3	3
PZA	DEL_CF_2288779_d463CCCTGGTGGCCAAGCCATTGCGTACCGCGTCCTCGGCCGTCTGGCGCACACAATGATCGGTGGCAATACCGACCACATCGACCTCATCGACGCCGCGTTGCCGCAGCCAATTCAGCAGTGGCGTGCCGTTCTCGTCGACTCCTTCGAAGCCGCTGTACGCTCCGGTGTAGGCACCCTTGTAGAACACCGCCTCGATTGCCGACGTGTCCAGACTGGGATGGAAGTCCGCGCCGGGAGTACCGCTGACGCAATGCGGTGGCCACGACGAGGAATAGTCCGGTGTGCCGGAGAAGTGGTCACCCGGGTCGATGTGGAAGTCCTTGGTTGCCACGACGTGATGGTAGTCCGCCGCTTCGGCCAGGTAGTCGCTGATGGCGCGGGCCAGCGCGGCGCCACCGGTTACCGCCAGCGAGCCACCCTCGCAGAAGTCGTTCTGCACGTCGACGATGATCAACGCCCGCATACGTCCACCATACGTTCGGGCGACTGCCCGGGCAGTTTGCCTACCGACGCGGCAGCCACAGATATAGGGTCCATGACGCCGCGACGATCGCGAACATGACCAGCTGAGCGGCGGCCACCCAACCGGCGGGATAGATCACGCCGGTGATGTAGTGAGCGACAAATCCGTCCGGTGACAGAGGTGTCATCGCGGCCTTGGTGCGAGCCCAGCGCTCCACCCAGGTCAGCGGGCAGTCGACCCGCTTAGCGGCGATGCCGATCCCCCATATCACCGCCGGAACATGCAGCCACATCGTGCGTCGCCACCGCAGGGCAAGGAAACCGCCGGCAAGGACGTAAGCGATGAAAGCGAAGTGCATTACCACCGTTGATACAACGACGGTTTCGTACATCTCTCGGGTTGCCTTTCCAGGTCGCGGCGCTCCGGCCACTGACAGAAAAGGTTCAATTCGCCAGCGAAAACCCGTCCCATGCGATCCGGCGGTGCTGATGCGGATCGAACTCGATGCGGCACCTGCGGTCGAAAACCAGGACGGCACGG_155_pncA	AJRCCM/Table-10-snp	1	0	0	1	1
PZA	DEL_CF_2288836_d406C_136_pncA	AJRCCM/Table-10-snp	1	0	0	1	1
PZA	DEL_CF_2288847_d395C_132_pncA	AJRCCM/Table-10-snp	2	0	0	2	2
PZA	INS_CF_2288780_i462CAGG_155Q_pncA	AJRCCM/Table-10-snp	1	0	0	1	1
PZA	INS_CF_2288786_i456C_153H_pncA	AJRCCM/Table-10-snp	12	42	0	54	54
PZA	INS_CF_2288787_i455ATGGCTTGGC_152AWLG_pncA	AJRCCM/Table-10-snp	1	0	0	1	1
PZA	SNP_CN_1833603_A62G_D21G_rpsA	Table-10-snp	0	2	0	2	2
PZA	INS_CI_2289041_i201GACTATTCCTCGTCG_68DYSSS_pncA	AJRCCM/Table-10-snp	0	1	0	1	1
PZA	INS_CI_2289058_i184CGGACTATTCCTCGT_62PDYSS_pncA	AJRCCM/Table-10-snp	0	1	0	1	1
PZA	INS_CZ_2289141_i101A_34*_pncA	AJRCCM/Table-10-snp	1	0	0	1	1
PZA	INS_CZ_2289205_i37GACT_13*_pncA	AJRCCM/Table-10-snp	2	0	0	2	2
PZA	SNP_CN_1833554_A13C_T5P_rpsA	IGNORE	0	1	0	1	1
PZA	SNP_CN_1833584_G43T_D15Y_rpsA	Table-10-snp	0	1	0	1	1
PZA	SNP_CN_1833585_A44C_D15A_rpsA	Table-10-snp	3	1	0	4	4
PZA	SNP_CN_1833585_A44G_D15G_rpsA	Table-10-snp	1	0	0	1	1
PZA	SNP_CN_1833591_G50C_G17A_rpsA	Table-10-snp	0	1	0	1	1
PZA	SNP_CN_1833594_C53A_S18Y_rpsA	Table-10-snp	1	0	0	1	1
PZA	SNP_CN_1833612_C71G_A24G_rpsA	Table-10-snp	1	0	0	1	1
PZA	INS_CF_2289195_i47G_16G_pncA	AJRCCM/Table-10-snp	0	3	0	3	3
PZA	SNP_CN_1833626_A85G_T29A_rpsA	Table-10-snp	1	0	0	1	1
PZA	SNP_CN_1833629_A88G_I30V_rpsA	IGNORE	0	1	0	1	1
PZA	SNP_CN_1833674_A133G_K45E_rpsA	Table-10-snp	3	3	0	6	6
PZA	SNP_CN_1833684_G143C_R48P_rpsA	Table-10-snp	0	2	0	2	2
PZA	SNP_CN_1833695_C154G_L52V_rpsA	Table-10-snp	0	1	0	1	1
PZA	SNP_CN_1833742_A201C_E67D_rpsA	Table-10-snp	1	0	0	1	1
PZA	SNP_CN_1833749_A208C_I70L_rpsA	IGNORE	0	16	0	16	16
PZA	SNP_CN_1833749_A208C_I70L_rpsA	Table-10-snp	0	4	0	4	4
PZA	SNP_CN_1833768_C227T_P76L_rpsA	Table-10-snp	1	0	0	1	1
PZA	SNP_CN_1833772_C231A_N77K_rpsA	IGNORE	0	2	0	2	2
PZA	INS_CI_2289033_i209ACC_70P_pncA	AJRCCM/Table-10-snp	1	0	0	1	1
PZA	INS_CF_2289162_i80T_27L_pncA	AJRCCM/Table-10-snp	0	1	0	1	1
PZA	INS_CF_2288791_i451CT_151S_pncA	Table-10-snp	0	1	0	1	1
PZA	INS_CF_2288961_i281T_94F_pncA	AJRCCM/Table-10-snp	1	0	0	1	1
PZA	INS_CF_2288814_i428GCCAGACGGC_143APDG_pncA	AJRCCM/Table-10-snp	1	0	0	1	1
PZA	INS_CF_2288825_i417G_140A_pncA	AJRCCM/Table-10-snp	2	0	0	2	2
PZA	INS_CF_2288825_i417TG_140C_pncA	Table-10-snp	1	0	0	1	1
PZA	INS_CF_2288835_i407A_136E_pncA	AJRCCM/Table-10-snp	6	2	0	8	8
PZA	INS_CF_2288851_i391G_131G_pncA	AJRCCM/Table-10-snp	3	2	0	5	5
PZA	INS_CF_2288887_i355T_119L_pncA	AJRCCM/Table-10-snp	7	0	0	7	7
PZA	INS_CF_2288893_i349C_117P_pncA	AJRCCM/Table-10-snp	2	0	0	2	2
PZA	INS_CF_2288896_i346ACGCCAC_116HA_pncA	AJRCCM/Table-10-snp	1	0	0	1	1
PZA	INS_CF_2288896_i346C_116P_pncA	AJRCCM/Table-10-snp	2	0	0	2	2
PZA	INS_CF_2288956_i286T_96I_pncA	AJRCCM/Table-10-snp	1	0	0	1	1
PZA	INS_CF_2288993_i249C_84Q_pncA	AJRCCM/Table-10-snp	4	0	0	4	4
PZA	INS_CF_2289150_i92CAGCGACTACCTG_31ISDYL_pncA	AJRCCM/Table-10-snp	1	0	0	1	1
PZA	INS_CF_2289009_i233G_78G_pncA	AJRCCM/Table-10-snp	2	0	0	2	2
PZA	INS_CF_2289012_i230A_77P_pncA	AJRCCM/Table-10-snp	1	0	0	1	1
PZA	INS_CF_2289021_i221G_74R_pncA	AJRCCM/Table-10-snp	1	0	0	1	1
PZA	INS_CF_2289050_i192A_65I_pncA	AJRCCM/Table-10-snp	7	1	0	8	8
PZA	INS_CF_2289050_i192GGACTAT_65GL_pncA	AJRCCM/Table-10-snp	1	0	0	1	1
PZA	INS_CF_2289057_i185A_62P_pncA	AJRCCM/Table-10-snp	3	0	0	3	3
PZA	INS_CF_2289092_i150A_51T_pncA	AJRCCM/Table-10-snp	1	0	0	1	1
PZA	INS_CF_2289099_i143A_48K_pncA	AJRCCM/Table-10-snp	2	0	0	2	2
PZA	INS_CF_2289121_i121T_41L_pncA	AJRCCM/Table-10-snp	1	0	0	1	1
PZA	INS_CF_2289137_i105CAGCGACTACCTG_36QRLP_pncA	AJRCCM/Table-10-snp	1	0	0	1	1
PZA	SNP_CN_2288826_A416C_V139G_pncA	AJRCCM/Table-10-snp	2	0	0	2	2
PZA	SNP_CN_2289207_T35G_D12A_pncA	AJRCCM/Table-10-snp	10	5	0	15	15
PZA	SNP_CN_2288827_C415G_V139L_pncA	AJRCCM/Table-10-snp	1	0	0	1	1
PZA	SNP_CN_2289057_G185A_P62L_pncA	Table-10-snp	2	0	0	2	2
PZA	SNP_CN_2289105_G137T_A46E_pncA	Table-10-snp	2	2	0	4	4
PZA	SNP_CN_2289106_C136G_A46P_pncA	Table-10-snp	1	0	0	1	1
PZA	SNP_CN_2289108_A134G_V45A_pncA	Table-10-snp	0	1	0	1	1
PZA	SNP_CN_2289111_A131C_V44G_pncA	Table-10-snp	3	0	0	3	3
PZA	SNP_CN_2289114_T128G_H43P_pncA	Table-10-snp	1	0	0	1	1
PZA	SNP_CN_2289120_T122C_Y41C_pncA	Table-10-snp	0	2	0	2	2
PZA	SNP_CN_2289132_T110A_E37V_pncA	IGNORE	0	1	0	1	1
PZA	SNP_CN_2289136_C106G_A36P_pncA	Table-10-snp	0	2	0	2	2
PZA	SNP_CN_2289138_A104C_L35R_pncA	IGNORE	0	14	0	14	14
PZA	SNP_CN_2289138_A104C_L35R_pncA	Table-10-snp	1	2	0	3	3
PZA	SNP_CN_2289142_A100C_Y34D_pncA	AJRCCM/Table-10-snp	2	1	0	3	3
PZA	SNP_CN_2289147_C95A_S32I_pncA	Table-10-snp	2	0	0	2	2
PZA	SNP_CN_2289162_A80G_L27P_pncA	AJRCCM/Table-10-snp	2	2	0	4	4
PZA	SNP_CN_2289165_G77A_A26V_pncA	Table-10-snp	0	1	0	1	1
PZA	SNP_CN_2289171_C71A_G24V_pncA	Table-10-snp	0	1	0	1	1
PZA	SNP_CN_2289171_C71T_G24D_pncA	Table-10-snp	1	0	0	1	1
PZA	SNP_CN_2289172_C70G_G24R_pncA	Table-10-snp	0	1	0	1	1
PZA	SNP_CN_2289180_A62C_V21G_pncA	AJRCCM/Table-10-snp	11	4	0	15	15
PZA	SNP_CN_2289186_A56G_L19P_pncA	AJRCCM/Table-10-snp	1	0	0	1	1
PZA	SNP_CN_2289190_A52G_S18P_pncA	IGNORE	0	1	0	1	1
PZA	SNP_CN_2289192_C50T_G17D_pncA	Table-10-snp	1	0	0	1	1
PZA	SNP_CN_2289193_C49T_G17S_pncA	Table-10-snp	0	4	0	4	4
PZA	SNP_CN_2289198_T44C_E15G_pncA	Table-10-snp	0	1	0	1	1
PZA	SNP_CN_2288827_C415T_V139M_pncA	AJRCCM/Table-10-snp	6	1	0	7	7
PZA	SNP_CN_2289103_T139C_T47A_pncA	AJRCCM/Table-10-snp	1	3	0	4	4
PZA	SNP_CN_2289102_G140A_T47I_pncA	AJRCCM/Table-10-snp	0	1	0	1	1
PZA	SNP_CN_2289081_G161T_P54Q_pncA	AJRCCM/Table-10-snp	3	2	0	5	5
PZA	SNP_CN_2289058_G184A_P62S_pncA	Table-10-snp	3	0	0	3	3
PZA	SNP_CN_2289068_G174T_F58L_pncA	AJRCCM/Table-10-snp	0	1	0	1	1
PZA	SNP_CN_2289069_A173C_F58C_pncA	AJRCCM/Table-10-snp	1	0	0	1	1
PZA	SNP_CN_2289069_A173G_F58S_pncA	AJRCCM/Table-10-snp	1	0	0	1	1
PZA	SNP_CN_2289070_A172G_F58L_pncA	AJRCCM/Table-10-snp	5	2	0	7	7
PZA	SNP_CN_2289072_T170A_H57L_pncA	AJRCCM/Table-10-snp	5	1	0	6	6
PZA	SNP_CN_2289072_T170C_H57R_pncA	AJRCCM/Table-10-snp	5	0	0	5	5
PZA	SNP_CN_2289073_G169A_H57Y_pncA	AJRCCM/Table-10-snp	3	0	0	3	3
PZA	SNP_CN_2289073_G169C_H57D_pncA	AJRCCM/Table-10-snp	21	0	0	21	21
PZA	SNP_CN_2289081_G161A_P54L_pncA	AJRCCM/Table-10-snp	10	4	0	14	14
PZA	SNP_CN_2289083_G159C_D53E_pncA	IGNORE	0	1	0	1	1
PZA	SNP_CN_2289100_T142C_K48E_pncA	AJRCCM/Table-10-snp	2	2	0	4	4
PZA	SNP_CN_2289089_G153C_H51Q_pncA	AJRCCM/Table-10-snp	1	0	0	1	1
PZA	SNP_CN_2289089_G153T_H51Q_pncA	AJRCCM/Table-10-snp	2	1	0	3	3
PZA	SNP_CN_2289090_T152C_H51R_pncA	AJRCCM/Table-10-snp	142	16	0	158	158
PZA	SNP_CN_2289090_T152G_H51P_pncA	AJRCCM/Table-10-snp	1	1	0	2	2
PZA	SNP_CN_2289091_G151C_H51D_pncA	AJRCCM/Table-10-snp	0	4	0	4	4
PZA	SNP_CN_2289095_G147C_D49E_pncA	AJRCCM/Table-10-snp	1	0	0	1	1
PZA	SNP_CN_2289096_T146C_D49G_pncA	AJRCCM/Table-10-snp	2	2	0	4	4
PZA	SNP_CN_2289097_C145T_D49N_pncA	AJRCCM/Table-10-snp	22	2	0	24	24
PZA	SNP_CN_2289098_C144G_K48N_pncA	AJRCCM/Table-10-snp	0	4	0	4	4
PZA	SNP_CN_2289099_T143G_K48T_pncA	AJRCCM/Table-10-snp	32	43	0	75	75
PZA	SNP_CN_2289200_G42C_C14W_pncA	AJRCCM/Table-10-snp	1	0	0	1	1
PZA	SNP_CN_2289202_A40C_C14G_pncA	AJRCCM/Table-10-snp	3	4	0	7	7
PZA	SNP_CN_2289202_A40G_C14R_pncA	AJRCCM/Table-10-snp	32	0	0	32	32
PZA	SNP_CZ_2288933_G309C_Y103*_pncA	AJRCCM/Table-10-snp	12	0	0	12	12
PZA	SNP_CN_2289234_G8T_A3E_pncA	Table-10-snp	1	1	0	2	2
PZA	SNP_CN_2289237_C5A_R2L_pncA	Table-10-snp	0	1	0	1	1
PZA	SNP_CN_2289238_G4A_R2W_pncA	Table-10-snp	1	2	0	3	3
PZA	SNP_CN_2289239_C3T_M1I_pncA	Table-10-snp	1	2	0	3	3
PZA	SNP_CN_2289240_A2G_M1T_pncA	Table-10-snp	4	0	0	4	4
PZA	SNP_CZ_2288751_G491T_S164*_pncA	Table-10-snp	1	0	0	1	1
PZA	SNP_CZ_2288821_G421A_Q141*_pncA	AJRCCM/Table-10-snp	2	0	0	2	2
PZA	SNP_CZ_2288878_G364A_Q122*_pncA	AJRCCM/Table-10-snp	3	0	0	3	3
PZA	SNP_CZ_2288885_C357T_W119*_pncA	AJRCCM/Table-10-snp	1	0	0	1	1
PZA	SNP_CZ_2288920_C322A_G108*_pncA	AJRCCM/Table-10-snp	2	0	0	2	2
PZA	SNP_CZ_2288933_G309T_Y103*_pncA	AJRCCM/Table-10-snp	1	0	0	1	1
PZA	SNP_CN_2289231_A11C_L4W_pncA	AJRCCM/Table-10-snp	3	0	0	3	3
PZA	SNP_CZ_2288945_G297T_Y99*_pncA	Table-10-snp	1	0	0	1	1
PZA	SNP_CZ_2289039_C203T_W68*_pncA	AJRCCM/Table-10-snp	0	1	0	1	1
PZA	SNP_CZ_2289045_G197T_S66*_pncA	AJRCCM/Table-10-snp	2	0	0	2	2
PZA	SNP_CZ_2289050_A192T_Y64*_pncA	AJRCCM/Table-10-snp	2	0	0	2	2
PZA	SNP_CZ_2289100_T142A_K48*_pncA	AJRCCM/Table-10-snp	1	0	0	1	1
PZA	SNP_CZ_2289119_G123C_Y41*_pncA	Table-10-snp	3	0	0	3	3
PZA	SNP_CZ_2289119_G123T_Y41*_pncA	Table-10-snp	1	0	0	1	1
PZA	SNP_CZ_2289189_G53T_S18*_pncA	Table-10-snp	1	0	0	1	1
PZA	SNP_CZ_2289199_C43A_E15*_pncA	Table-10-snp	1	0	0	1	1
PZA	SNP_CZ_2289214_G28A_Q10*_pncA	AJRCCM/Table-10-snp	3	0	0	3	3
PZA	SNP_CN_2289231_A11G_L4S_pncA	AJRCCM/Table-10-snp	26	0	0	26	26
PZA	SNP_CN_2289228_A14G_I5T_pncA	AJRCCM/Table-10-snp	1	0	0	1	1
PZA	SNP_CN_2289202_A40G_C14R_pncA	IGNORE	0	2	0	2	2
PZA	SNP_CN_2289216_A26C_V9G_pncA	AJRCCM/Table-10-snp	1	0	0	1	1
PZA	SNP_CN_2289203_G39C_F13L_pncA	Table-10-snp	4	0	0	4	4
PZA	SNP_CN_2289204_A38C_F13C_pncA	Table-10-snp	0	1	0	1	1
PZA	SNP_CN_2289204_A38G_F13S_pncA	Table-10-snp	0	1	0	1	1
PZA	SNP_CN_2289205_A37T_F13I_pncA	Table-10-snp	1	0	0	1	1
PZA	SNP_CN_2289207_T35C_D12G_pncA	AJRCCM/Table-10-snp	13	3	0	16	16
PZA	SNP_CN_2289208_C34T_D12N_pncA	AJRCCM/Table-10-snp	2	0	0	2	2
PZA	SNP_CN_2289212_C30G_Q10H_pncA	AJRCCM/Table-10-snp	2	0	0	2	2
PZA	SNP_CN_2289213_T29C_Q10R_pncA	AJRCCM/Table-10-snp	86	7	0	93	93
PZA	SNP_CN_2289213_T29C_Q10R_pncA	IGNORE	0	2	0	2	2
PZA	SNP_CN_2289213_T29G_Q10P_pncA	AJRCCM/Table-10-snp	52	5	0	57	57
PZA	SNP_CN_2289218_G24T_D8E_pncA	AJRCCM/Table-10-snp	5	1	0	6	6
PZA	SNP_CN_2289226_T16G_I6L_pncA	Table-10-snp	11	111	0	122	122
PZA	SNP_CN_2289219_T23C_D8G_pncA	AJRCCM/Table-10-snp	2	1	0	3	3
PZA	SNP_CN_2289219_T23G_D8A_pncA	AJRCCM/Table-10-snp	2	0	0	2	2
PZA	SNP_CN_2289220_C22T_D8N_pncA	AJRCCM/Table-10-snp	3	0	0	3	3
PZA	SNP_CN_2289220_C22T_D8N_pncA	IGNORE	0	2	0	2	2
PZA	SNP_CN_2289222_A20C_V7G_pncA	Table-10-snp	8	6	0	14	14
PZA	SNP_CN_2289222_A20G_V7A_pncA	Table-10-snp	0	1	0	1	1
PZA	SNP_CN_2289223_C19A_V7F_pncA	Table-10-snp	1	0	0	1	1
PZA	SNP_CN_2289223_C19G_V7L_pncA	Table-10-snp	1	0	0	1	1
PZA	SNP_CN_2289224_G18C_I6M_pncA	Table-10-snp	2	0	0	2	2
PZA	SNP_CN_2289225_A17G_I6T_pncA	Table-10-snp	1	0	0	1	1
PZA	SNP_CN_2289057_G185C_P62R_pncA	Table-10-snp	1	0	0	1	1
PZA	SNP_CN_2289105_G137A_A46V_pncA	Table-10-snp	2	3	0	5	5
PZA	SNP_CN_2289055_C187G_D63H_pncA	AJRCCM/Table-10-snp	1	0	0	1	1
PZA	SNP_CN_2288928_C314T_G105D_pncA	Table-10-snp	1	0	0	1	1
PZA	SNP_CN_2288887_A355C_W119G_pncA	AJRCCM/Table-10-snp	2	0	0	2	2
PZA	SNP_CN_2288887_A355G_W119R_pncA	AJRCCM/Table-10-snp	1	0	0	1	1
PZA	SNP_CN_2288895_A347C_L116R_pncA	Table-10-snp	3	0	0	3	3
PZA	SNP_CN_2288895_A347G_L116P_pncA	Table-10-snp	0	1	0	1	1
PZA	SNP_CN_2288901_G341A_T114M_pncA	Table-10-snp	0	2	0	2	2
PZA	SNP_CN_2288902_T340G_T114P_pncA	Table-10-snp	1	0	0	1	1
PZA	SNP_CN_2288919_C323T_G108E_pncA	AJRCCM/Table-10-snp	1	1	0	2	2
PZA	SNP_CN_2288920_C322G_G108R_pncA	AJRCCM/Table-10-snp	2	0	0	2	2
PZA	SNP_CN_2288920_C322T_G108R_pncA	AJRCCM/Table-10-snp	0	1	0	1	1
PZA	SNP_CN_2288925_A317G_F106S_pncA	AJRCCM/Table-10-snp	2	0	0	2	2
PZA	SNP_CN_2288929_C313T_G105S_pncA	Table-10-snp	0	1	0	1	1
PZA	SNP_CN_2288883_A359C_L120R_pncA	AJRCCM/Table-10-snp	2	0	0	2	2
PZA	SNP_CN_2288930_G312C_S104R_pncA	IGNORE	0	2	0	2	2
PZA	SNP_CN_2288932_T310C_S104G_pncA	Table-10-snp	1	1	0	2	2
PZA	SNP_CN_2288934_T308C_Y103C_pncA	AJRCCM/Table-10-snp	2	4	0	6	6
PZA	SNP_CN_2288935_A307C_Y103D_pncA	AJRCCM/Table-10-snp	1	0	0	1	1
PZA	SNP_CN_2288935_A307G_Y103H_pncA	AJRCCM/Table-10-snp	1	0	0	1	1
PZA	SNP_CN_2288937_G305A_A102V_pncA	AJRCCM/Table-10-snp	0	3	0	3	3
PZA	SNP_CN_2288937_G305C_A102G_pncA	AJRCCM/Table-10-snp	0	1	0	1	1
PZA	SNP_CN_2288938_C304G_A102P_pncA	AJRCCM/Table-10-snp	2	2	0	4	4
PZA	SNP_CN_2288938_C304T_A102T_pncA	AJRCCM/Table-10-snp	1	1	0	2	2
PZA	SNP_CN_2288943_G299A_T100I_pncA	AJRCCM/Table-10-snp	6	1	0	7	7
PZA	SNP_CN_2288883_A359G_L120P_pncA	AJRCCM/Table-10-snp	20	0	0	20	20
PZA	SNP_CN_2289054_T188G_D63A_pncA	AJRCCM/Table-10-snp	7	2	0	9	9
PZA	SNP_CN_2288944_T298G_T100P_pncA	AJRCCM/Table-10-snp	5	0	0	5	5
PZA	SNP_CN_2288841_G401T_A134D_pncA	AJRCCM/Table-10-snp	0	1	0	1	1
PZA	SNP_CN_2288830_A412G_C138R_pncA	Table-10-snp	8	0	0	8	8
PZA	SNP_CN_2288832_T410C_H137R_pncA	Table-10-snp	0	2	0	2	2
PZA	SNP_CN_2288833_G409T_H137N_pncA	Table-10-snp	0	1	0	1	1
PZA	SNP_CN_2288835_T407C_D136G_pncA	AJRCCM/Table-10-snp	4	1	0	5	5
PZA	SNP_CN_2288836_C406A_D136Y_pncA	AJRCCM/Table-10-snp	3	1	0	4	4
PZA	SNP_CN_2288836_C406T_D136N_pncA	IGNORE	0	3	0	3	3
PZA	SNP_CN_2288838_G404C_T135S_pncA	AJRCCM/Table-10-snp	0	2	0	2	2
PZA	SNP_CN_2288839_T403C_T135A_pncA	AJRCCM/Table-10-snp	2	0	0	2	2
PZA	SNP_CN_2288839_T403G_T135P_pncA	AJRCCM/Table-10-snp	20	2	0	22	22
PZA	SNP_CN_2288841_G401A_A134V_pncA	AJRCCM/Table-10-snp	2	0	0	2	2
PZA	SNP_CN_2288844_A398C_I133S_pncA	AJRCCM/Table-10-snp	1	0	0	1	1
PZA	SNP_CN_2288869_C373A_V125F_pncA	AJRCCM/Table-10-snp	1	1	0	2	2
PZA	SNP_CN_2288844_A398G_I133T_pncA	AJRCCM/Table-10-snp	23	16	0	39	39
PZA	SNP_CN_2288847_C395G_G132A_pncA	AJRCCM/Table-10-snp	1	0	0	1	1
PZA	SNP_CN_2288847_C395T_G132D_pncA	IGNORE	0	1	0	1	1
PZA	SNP_CN_2288850_A392C_V131G_pncA	AJRCCM/Table-10-snp	4	1	0	5	5
PZA	SNP_CN_2288854_C388T_V130M_pncA	AJRCCM/Table-10-snp	2	0	0	2	2
PZA	SNP_CN_2288856_T386C_D129G_pncA	Table-10-snp	0	1	0	1	1
PZA	SNP_CN_2288857_C385A_D129Y_pncA	Table-10-snp	1	0	0	1	1
PZA	SNP_CN_2288857_C385T_D129N_pncA	IGNORE	0	1	0	1	1
PZA	SNP_CN_2288859_A383C_V128G_pncA	AJRCCM/Table-10-snp	5	2	0	7	7
PZA	SNP_CN_2288868_A374C_V125G_pncA	AJRCCM/Table-10-snp	18	0	0	18	18
PZA	SNP_CN_2288944_T298C_T100A_pncA	AJRCCM/Table-10-snp	1	0	0	1	1
PZA	SNP_CN_2288880_C362T_R121Q_pncA	IGNORE	0	1	0	1	1
PZA	SNP_CN_2288952_C290T_G97D_pncA	AJRCCM/Table-10-snp	9	0	0	9	9
PZA	SNP_CN_2289038_C204G_W68C_pncA	AJRCCM/Table-10-snp	1	0	0	1	1
PZA	SNP_CN_2289012_G230A_P77L_pncA	Table-10-snp	0	1	0	1	1
PZA	SNP_CN_2289015_G227A_T76I_pncA	AJRCCM/Table-10-snp	1	1	0	2	2
PZA	SNP_CN_2289016_T226G_T76P_pncA	AJRCCM/Table-10-snp	12	2	0	14	14
PZA	SNP_CN_2289028_A214G_C72R_pncA	AJRCCM/Table-10-snp	3	1	0	4	4
PZA	SNP_CN_2289029_A213T_H71Q_pncA	AJRCCM/Table-10-snp	2	0	0	2	2
PZA	SNP_CN_2289030_T212C_H71R_pncA	AJRCCM/Table-10-snp	2	3	0	5	5
PZA	SNP_CN_2289030_T212G_H71P_pncA	AJRCCM/Table-10-snp	1	0	0	1	1
PZA	SNP_CN_2289031_G211A_H71Y_pncA	AJRCCM/Table-10-snp	2	2	0	4	4
PZA	SNP_CN_2289036_G206C_P69R_pncA	AJRCCM/Table-10-snp	2	0	0	2	2
PZA	SNP_CN_2289037_G205A_P69S_pncA	AJRCCM/Table-10-snp	0	3	0	3	3
PZA	SNP_CN_2289039_C203A_W68L_pncA	AJRCCM/Table-10-snp	1	0	0	1	1
PZA	SNP_CN_2289010_C232A_G78C_pncA	AJRCCM/Table-10-snp	1	0	0	1	1
PZA	SNP_CN_2289040_A202C_W68G_pncA	AJRCCM/Table-10-snp	4	5	0	9	9
PZA	SNP_CN_2289040_A202G_W68R_pncA	AJRCCM/Table-10-snp	9	1	0	10	10
PZA	SNP_CN_2289042_G200C_S67W_pncA	AJRCCM/Table-10-snp	1	0	0	1	1
PZA	SNP_CN_2289043_A199G_S67P_pncA	AJRCCM/Table-10-snp	6	0	0	6	6
PZA	SNP_CN_2289045_G197A_S66L_pncA	IGNORE	0	2	0	2	2
PZA	SNP_CN_2289046_A196G_S66P_pncA	AJRCCM/Table-10-snp	1	0	0	1	1
PZA	SNP_CN_2289049_A193G_S65P_pncA	Table-10-snp	0	2	0	2	2
PZA	SNP_CN_2289052_A190C_Y64D_pncA	AJRCCM/Table-10-snp	1	2	0	3	3
PZA	SNP_CN_2289054_T188C_D63G_pncA	AJRCCM/Table-10-snp	2	1	0	3	3
PZA	SNP_CN_2288953_C289A_G97C_pncA	AJRCCM/Table-10-snp	2	0	0	2	2
PZA	SNP_CN_2289010_C232T_G78S_pncA	AJRCCM/Table-10-snp	1	1	0	2	2
PZA	SNP_CN_2289037_G205A_P69S_pncA	IGNORE	0	1	0	1	1
PZA	SNP_CN_2289009_C233A_G78V_pncA	AJRCCM/Table-10-snp	2	0	0	2	2
PZA	SNP_CN_2288965_C277A_V93L_pncA	AJRCCM/Table-10-snp	5	1	0	6	6
PZA	SNP_CN_2288953_C289G_G97R_pncA	AJRCCM/Table-10-snp	1	0	0	1	1
PZA	SNP_CN_2289007_C235T_A79T_pncA	Table-10-snp	0	1	0	1	1
PZA	SNP_CN_2288953_C289T_G97S_pncA	AJRCCM/Table-10-snp	17	2	0	19	19
PZA	SNP_CN_2288955_T287C_K96R_pncA	AJRCCM/Table-10-snp	1	2	0	3	3
PZA	SNP_CN_2288955_T287G_K96T_pncA	AJRCCM/Table-10-snp	3	0	0	3	3
PZA	SNP_CN_2288956_T286C_K96E_pncA	AJRCCM/Table-10-snp	4	0	0	4	4
PZA	SNP_CN_2288958_T284G_Y95S_pncA	Table-10-snp	2	0	0	2	2
PZA	SNP_CN_2288961_A281C_F94C_pncA	Table-10-snp	0	1	0	1	1
PZA	SNP_CN_2288961_A281T_F94Y_pncA	Table-10-snp	0	1	0	1	1
PZA	SNP_CN_2288962_A280G_F94L_pncA	Table-10-snp	3	1	0	4	4
PZA	SNP_CN_2288964_A278C_V93G_pncA	AJRCCM/Table-10-snp	1	1	0	2	2
PZA	SNP_CN_2288959_A283C_Y95D_pncA	Table-10-snp	0	1	0	1	1
PZA	SNP_CN_2289000_A242G_F81S_pncA	AJRCCM/Table-10-snp	0	2	0	2	2
PZA	SNP_CN_2288982_G260A_T87M_pncA	IGNORE	0	3	0	3	3
PZA	SNP_CN_2288982_G260A_T87M_pncA	Table-10-snp	0	2	0	2	2
PZA	SNP_CN_2288988_A254C_L85R_pncA	AJRCCM/Table-10-snp	1	0	0	1	1
PZA	SNP_CN_2288988_A254G_L85P_pncA	AJRCCM/Table-10-snp	7	1	0	8	8
PZA	SNP_CN_2288997_T245C_H82R_pncA	Table-10-snp	3	0	0	3	3
PZA	SNP_CN_2288998_G244C_H82D_pncA	Table-10-snp	3	7	0	10	10
PZA	SNP_CN_2289000_A242C_F81C_pncA	AJRCCM/Table-10-snp	1	0	0	1	1
PZA	SNP_CN_2288973_A269G_I90T_pncA	AJRCCM/Table-10-snp	3	1	0	4	4
PZA	SNP_CN_2289001_A241C_F81V_pncA	AJRCCM/Table-10-snp	1	2	0	3	3
INH	SNP_P_2726114_C79A_promoter-ahpC	Table-10-snp	1	0	0	1	1
INH	SNP_P_2726103_G90A_promoter-ahpC	Table-10-snp	1	0	0	1	1
INH	SNP_P_2726105_G88A_promoter-ahpC	Table-10-snp	193	835	0	1028	1028
INH	SNP_P_2726110_A83G_promoter-ahpC	Table-10-snp	0	1	0	1	1
INH	SNP_P_2726112_C81T_promoter-ahpC	Table-10-snp	11	2	0	13	13
INH	SNP_P_2726113_A80G_promoter-ahpC	Table-10-snp	0	1	0	1	1
INH	SNP_P_2726121_C72T_promoter-ahpC	Table-10-snp	11	4	0	15	15
INH	SNP_P_2726114_C79T_promoter-ahpC	Table-10-snp	0	5	0	5	5
INH	SNP_P_2726116_T77G_promoter-ahpC	Table-10-snp	3	1	0	4	4
INH	SNP_P_2726117_T76A_promoter-ahpC	Table-10-snp	4	0	0	4	4
INH	SNP_P_2726119_G74A_promoter-ahpC	Table-10-snp	4	0	0	4	4
INH	SNP_P_2726095_A98C_promoter-ahpC	Table-10-snp	0	1	0	1	1
INH	SNP_P_2726100_G93C_promoter-ahpC	Table-10-snp	2	1	0	3	3
INH	SNP_P_1673320_C120T_promoter-fabG1-inhA	Table-10-snp	1	0	0	1	1
INH	SNP_P_1673432_T8G_promoter-fabG1-inhA	AJRCCM/Table-10-snp	9	1	0	10	10
INH	SNP_P_1673432_T8C_promoter-fabG1-inhA	AJRCCM/Table-10-snp	34	50	0	84	84
INH	SNP_P_1673432_T8A_promoter-fabG1-inhA	AJRCCM/Table-10-snp	25	52	0	77	77
INH	SNP_P_1673425_C15T_promoter-fabG1-inhA	AJRCCM/Table-10-snp	621	101	0	722	722
INH	SNP_P_1673423_G17T_promoter-fabG1-inhA	Table-10-snp	68	12	0	80	80
INH	SNP_P_1673406_C34T_promoter-fabG1-inhA	Table-10-snp	11	2	0	13	13
INH	SNP_P_1673393_G47C_promoter-fabG1-inhA	Table-10-snp	2	17	0	19	19
INH	SNP_P_1673363_G77A_promoter-fabG1-inhA	Table-10-snp	0	2	0	2	2
INH	SNP_P_1673338_G102A_promoter-fabG1-inhA	Table-10-snp	4	12	0	16	16
INH	SNP_P_1673322_C118G_promoter-fabG1-inhA	Table-10-snp	0	1	0	1	1
INH	SNP_P_1673310_T130C_promoter-fabG1-inhA	Table-10-snp	1	0	0	1	1
INH	SNP_P_2726136_C57T_promoter-ahpC	Table-10-snp	5	0	0	5	5
INH	SNP_P_2726122_T71G_promoter-ahpC	Table-10-snp	1	0	0	1	1
INH	SNP_P_4243225_C8T_promoter-embA-embB	Table-10-snp	21	2	0	23	23
INH	SNP_P_2726139_C54T_promoter-ahpC	Table-10-snp	14	0	0	14	14
INH	SNP_P_4243217_C16A_promoter-embA-embB	Table-10-snp	21	2	0	23	23
INH	SNP_CZ_409482_C121T_Q41*_iniB	Table-10-snp	0	2	0	2	2
INH	SNP_P_4243228_G5T_promoter-embA-embB	Table-10-snp	1	0	0	1	1
INH	SNP_P_4243225_C8G_promoter-embA-embB	Table-10-snp	1	0	0	1	1
INH	SNP_P_4243225_C8A_promoter-embA-embB	Table-10-snp	6	3	0	9	9
INH	SNP_P_4243222_C11T_promoter-embA-embB	Table-10-snp	7	1	0	8	8
INH	SNP_P_4243222_C11A_promoter-embA-embB	Table-10-snp	29	2	0	31	31
INH	SNP_P_4243221_C12T_promoter-embA-embB	AJRCCM/Table-10-snp	62	9	0	71	71
INH	SNP_P_4243221_C12A_promoter-embA-embB	AJRCCM/Table-10-snp	16	1	0	17	17
INH	SNP_P_4243218_C15G_promoter-embA-embB	Table-10-snp	12	0	0	12	12
INH	SNP_P_4243217_C16T_promoter-embA-embB	Table-10-snp	57	10	0	67	67
INH	SNP_P_4243217_C16G_promoter-embA-embB	Table-10-snp	37	15	0	52	52
INH	SNP_P_4243216_G17A_promoter-embA-embB	AJRCCM/Table-10-snp	0	2	0	2	2
INH	SNP_P_2726141_C52A_promoter-ahpC	Table-10-snp	51	1	0	52	52
INH	SNP_P_4243206_T27C_promoter-embA-embB	Table-10-snp	0	1	0	1	1
INH	SNP_P_4243190_G43C_promoter-embA-embB	Table-10-snp	21	8	0	29	29
INH	SNP_P_4243185_G48C_promoter-embA-embB	Table-10-snp	0	1	0	1	1
INH	SNP_P_4243174_C59A_promoter-embA-embB	Table-10-snp	0	2	0	2	2
INH	SNP_P_4243160_C73T_promoter-embA-embB	Table-10-snp	0	1	0	1	1
INH	SNP_P_4243157_G76C_promoter-embA-embB	Table-10-snp	2	16	0	18	18
INH	SNP_P_2726154_C39T_promoter-ahpC	Table-10-snp	2	0	0	2	2
INH	SNP_P_2726151_T42C_promoter-ahpC	Table-10-snp	6	0	0	6	6
INH	SNP_P_2726145_G48A_promoter-ahpC	Table-10-snp	28	3	0	31	31
INH	SNP_P_2726142_G51A_promoter-ahpC	Table-10-snp	8	0	0	8	8
INH	SNP_P_2726141_C52T_promoter-ahpC	Table-10-snp	20	15	0	35	35
INH	SNP_CZ_410649_C1288T_Q430*_iniB	Table-10-snp	0	1	0	1	1
INH	SNP_CZ_2156102_G10A_Q4*_katG	Table-10-snp	0	1	0	1	1
INH	SNP_CN_2154154_A1958T_L653Q_katG	Table-10-snp	0	1	0	1	1
INH	SNP_CN_2155213_C899G_W300S_katG	Table-10-snp	2	0	0	2	2
INH	SNP_CN_2155258_C854A_G285V_katG	Table-10-snp	0	1	0	1	1
INH	SNP_CN_2155252_T860C_E287G_katG	Table-10-snp	1	0	0	1	1
INH	SNP_CN_2155246_T866G_E289A_katG	Table-10-snp	1	0	0	1	1
INH	SNP_CN_2155243_G869A_A290V_katG	Table-10-snp	1	0	0	1	1
INH	SNP_CN_2155229_G883C_Q295E_katG	Table-10-snp	0	2	0	2	2
INH	SNP_CN_2155228_T884G_Q295P_katG	Table-10-snp	0	1	0	1	1
INH	SNP_CN_2155222_C890A_G297V_katG	Table-10-snp	1	0	0	1	1
INH	SNP_CN_2155217_C895T_G299S_katG	Table-10-snp	3	0	0	3	3
INH	SNP_CN_2155214_A898G_W300R_katG	Table-10-snp	1	0	0	1	1
INH	SNP_CN_2155212_C900G_W300C_katG	Table-10-snp	1	0	0	1	1
INH	SNP_CN_2155418_G694C_P232A_katG	Table-10-snp	0	1	0	1	1
INH	SNP_CN_2155206_G906C_S302R_katG	Table-10-snp	2	0	0	2	2
INH	SNP_CN_2155196_T916G_T306P_katG	Table-10-snp	1	0	0	1	1
INH	SNP_CN_2155190_T922C_T308A_katG	Table-10-snp	0	1	0	1	1
INH	SNP_CN_2155169_T943C_S315G_katG	AJRCCM/Table-10-snp	6	0	0	6	6
INH	SNP_CN_2155168_C944T_S315N_katG	AJRCCM/Table-10-snp	50	4	0	54	54
INH	SNP_CN_2155168_C944G_S315T_katG	AJRCCM/Table-10-snp	2435	351	0	2786	2786
INH	SNP_CN_2155168_C944A_S315I_katG	AJRCCM/Table-10-snp	5	0	0	5	5
INH	SNP_CN_2155167_G945T_S315R_katG	AJRCCM/Table-10-snp	47	2	0	49	49
INH	SNP_CN_2155167_G945C_S315R_katG	AJRCCM/Table-10-snp	1	2	0	3	3
INH	SNP_CN_2155259_C853A_G285C_katG	Table-10-snp	1	0	0	1	1
INH	SNP_CN_2155259_C853T_G285S_katG	Table-10-snp	1	0	0	1	1
INH	SNP_CN_2155267_T845C_D282G_katG	Table-10-snp	1	1	0	2	2
INH	SNP_CN_2155271_C841T_A281T_katG	Table-10-snp	0	1	0	1	1
INH	SNP_CN_2155417_G695C_P232R_katG	Table-10-snp	1	0	0	1	1
INH	SNP_CN_2155415_C697G_E233Q_katG	Table-10-snp	1	0	0	1	1
INH	SNP_CN_2155402_C710G_G237A_katG	Table-10-snp	0	1	0	1	1
INH	SNP_CN_2155388_T724C_M242V_katG	Table-10-snp	0	4	0	4	4
INH	SNP_CN_2155381_G731C_A244G_katG	Table-10-snp	1	0	0	1	1
INH	SNP_CN_2155358_A754G_F252L_katG	Table-10-snp	1	0	0	1	1
INH	SNP_CN_2155351_C761T_R254H_katG	Table-10-snp	1	0	0	1	1
INH	SNP_CN_2155351_C761A_R254L_katG	Table-10-snp	1	0	0	1	1
INH	SNP_CN_2155341_C771T_M257I_katG	Table-10-snp	0	2	0	2	2
INH	SNP_CN_2155337_C775A_D259Y_katG	Table-10-snp	1	0	0	1	1
INH	SNP_CN_2155336_T776C_D259G_katG	Table-10-snp	0	2	0	2	2
INH	SNP_CN_2155334_C778T_V260I_katG	Table-10-snp	0	3	0	3	3
INH	SNP_CN_2155322_C790T_A264T_katG	Table-10-snp	1	0	0	1	1
INH	SNP_CN_2155321_G791A_A264V_katG	Table-10-snp	1	0	0	1	1
INH	SNP_CN_2155300_G812A_T271I_katG	Table-10-snp	1	0	0	1	1
INH	SNP_CN_2155295_C817T_G273S_katG	Table-10-snp	1	0	0	1	1
INH	SNP_CN_2155295_C817A_G273C_katG	Table-10-snp	1	0	0	1	1
INH	SNP_CN_2155289_T823C_T275A_katG	Table-10-snp	2	0	0	2	2
INH	SNP_CN_2155276_C836T_G279D_katG	Table-10-snp	2	0	0	2	2
INH	SNP_CN_2155163_T949C_I317V_katG	Table-10-snp	3	0	0	3	3
INH	SNP_CN_2155162_A950G_I317T_katG	Table-10-snp	1	0	0	1	1
INH	SNP_CN_2155154_C958G_V320L_katG	Table-10-snp	1	0	0	1	1
INH	SNP_CN_2154895_T1217C_D406G_katG	Table-10-snp	0	1	0	1	1
INH	SNP_CN_2154875_A1237G_Y413H_katG	Table-10-snp	2	0	0	2	2
INH	SNP_CN_2154874_T1238C_Y413C_katG	Table-10-snp	3	0	0	3	3
INH	SNP_CN_2154871_T1241C_K414R_katG	Table-10-snp	0	1	0	1	1
INH	SNP_CN_2154857_C1255G_D419H_katG	Table-10-snp	2	0	0	2	2
INH	SNP_CN_2154857_C1255A_D419Y_katG	Table-10-snp	2	0	0	2	2
INH	SNP_CN_2154856_T1256C_D419G_katG	Table-10-snp	1	0	0	1	1
INH	SNP_CN_2154847_G1265T_P422H_katG	Table-10-snp	0	1	0	1	1
INH	SNP_CN_2154845_C1267T_V423I_katG	Table-10-snp	3	4	0	7	7
INH	SNP_CN_2154833_G1279A_L427F_katG	Table-10-snp	1	0	0	1	1
INH	SNP_CN_2154832_A1280G_L427P_katG	Table-10-snp	1	0	0	1	1
INH	SNP_CN_2154818_G1294T_P432T_katG	Table-10-snp	0	1	0	1	1
INH	SNP_CN_2154814_T1298G_K433T_katG	Table-10-snp	0	1	0	1	1
INH	SNP_CN_2154802_A1310C_L437R_katG	Table-10-snp	0	2	0	2	2
INH	SNP_CN_2154800_A1312C_W438G_katG	Table-10-snp	1	0	0	1	1
INH	SNP_CN_2154787_A1325G_V442A_katG	Table-10-snp	1	0	0	1	1
INH	SNP_CN_2154779_C1333T_V445I_katG	Table-10-snp	0	1	0	1	1
INH	SNP_CN_2154775_C1337T_S446N_katG	Table-10-snp	0	2	0	2	2
INH	SNP_CN_2154769_T1343G_D448A_katG	Table-10-snp	0	6	0	6	6
INH	SNP_CN_2154764_C1348T_V450I_katG	Table-10-snp	0	3	0	3	3
INH	SNP_CN_2154890_A1222G_F408L_katG	Table-10-snp	1	0	0	1	1
INH	SNP_CN_2154919_A1193C_L398R_katG	Table-10-snp	0	2	0	2	2
INH	SNP_CN_2155154_C958A_V320L_katG	Table-10-snp	1	0	0	1	1
INH	SNP_CN_2154932_T1180C_T394A_katG	Table-10-snp	0	1	0	1	1
INH	SNP_CN_2155144_T968C_N323S_katG	Table-10-snp	0	1	0	1	1
INH	SNP_CN_2155139_G973A_P325S_katG	Table-10-snp	1	0	0	1	1
INH	SNP_CN_2155135_G977A_T326M_katG	Table-10-snp	1	0	0	1	1
INH	SNP_CN_2155129_C983A_W328L_katG	Table-10-snp	1	0	0	1	1
INH	SNP_CN_2155109_T1003C_I335V_katG	Table-10-snp	9	0	0	9	9
INH	SNP_CN_2155102_T1010C_Y337C_katG	Table-10-snp	5	1	0	6	6
INH	SNP_CN_2155096_T1016G_Y339S_katG	Table-10-snp	1	0	0	1	1
INH	SNP_CN_2155092_C1020G_E340D_katG	Table-10-snp	0	2	0	2	2
INH	SNP_CN_2155087_T1025C_E342G_katG	Table-10-snp	0	1	0	1	1
INH	SNP_CN_2155060_C1052A_W351L_katG	Table-10-snp	0	1	0	1	1
INH	SNP_CN_2155051_G1061A_T354I_katG	Table-10-snp	0	2	0	2	2
INH	SNP_CN_2155010_A1102G_F368L_katG	Table-10-snp	1	0	0	1	1
INH	SNP_CN_2154979_A1133G_L378P_katG	Table-10-snp	1	0	0	1	1
INH	SNP_CN_2154977_C1135T_A379T_katG	Table-10-snp	1	1	0	2	2
INH	SNP_CN_2154974_T1138G_T380P_katG	Table-10-snp	2	0	0	2	2
INH	SNP_CN_2154973_G1139A_T380I_katG	Table-10-snp	2	0	0	2	2
INH	SNP_CN_2154965_A1147C_S383A_katG	Table-10-snp	1	1	0	2	2
INH	SNP_CN_2154961_A1151C_L384R_katG	Table-10-snp	0	1	0	1	1
INH	SNP_CN_2154938_G1174A_R392W_katG	Table-10-snp	1	0	0	1	1
INH	SNP_CN_2155418_G694A_P232S_katG	Table-10-snp	7	0	0	7	7
INH	SNP_CN_2155430_T682G_I228L_katG	Table-10-snp	1	0	0	1	1
INH	SNP_CN_2154739_A1373T_L458H_katG	Table-10-snp	1	0	0	1	1
INH	SNP_CN_2155817_C295T_G99R_katG	Table-10-snp	1	0	0	1	1
INH	SNP_CN_2155882_G230C_T77R_katG	Table-10-snp	0	1	0	1	1
INH	SNP_CN_2155880_G232C_R78G_katG	Table-10-snp	1	0	0	1	1
INH	SNP_CN_2155865_C247G_V83L_katG	Table-10-snp	1	0	0	1	1
INH	SNP_CN_2155859_T253C_T85A_katG	Table-10-snp	2	0	0	2	2
INH	SNP_CN_2155850_G262C_Q88E_katG	Table-10-snp	0	1	0	1	1
INH	SNP_CN_2155844_A268T_W90R_katG	Table-10-snp	1	0	0	1	1
INH	SNP_CN_2155831_T281C_D94G_katG	Table-10-snp	1	0	0	1	1
INH	SNP_CN_2155823_G289A_H97Y_katG	Table-10-snp	1	0	0	1	1
INH	SNP_CN_2155819_T293C_Y98C_katG	Table-10-snp	2	0	0	2	2
INH	SNP_CN_2155814_G298T_P100T_katG	Table-10-snp	1	0	0	1	1
INH	SNP_CN_2155467_A645C_D215E_katG	Table-10-snp	0	3	0	3	3
INH	SNP_CN_2155807_A305G_F102S_katG	Table-10-snp	1	0	0	1	1
INH	SNP_CN_2155802_G310A_R104W_katG	Table-10-snp	1	0	0	1	1
INH	SNP_CN_2155801_C311T_R104Q_katG	Table-10-snp	3	0	0	3	3
INH	SNP_CN_2155787_C325T_A109T_katG	Table-10-snp	11	2	0	13	13
INH	SNP_CN_2155786_G326A_A109V_katG	Table-10-snp	2	1	0	3	3
INH	SNP_CN_2155783_G329A_A110V_katG	Table-10-snp	1	0	0	1	1
INH	SNP_CN_2155754_C358T_G120S_katG	Table-10-snp	1	0	0	1	1
INH	SNP_CN_2155751_C361T_G121S_katG	Table-10-snp	3	3	0	6	6
INH	SNP_CN_2155745_C367G_G123R_katG	Table-10-snp	0	1	0	1	1
INH	SNP_CN_2155885_A227G_L76P_katG	Table-10-snp	1	0	0	1	1
INH	SNP_CN_2155909_A203C_V68G_katG	Table-10-snp	1	1	0	2	2
INH	SNP_CN_2155916_C196T_A66T_katG	Table-10-snp	0	1	0	1	1
INH	SNP_CN_2155928_A184G_F62L_katG	Table-10-snp	3	0	0	3	3
INH	SNP_CN_2518218_G104A_G35D_kasA	Table-10-snp	1	0	0	1	1
INH	SNP_CN_2518214_A100C_K34Q_kasA	Table-10-snp	0	2	0	2	2
INH	SNP_CN_2518205_A91T_S31C_kasA	Table-10-snp	1	0	0	1	1
INH	SNP_CN_2156110_A2G_V1A_katG	Table-10-snp	1	0	0	1	1
INH	SNP_CN_2156104_T8C_E3G_katG	Table-10-snp	2	0	0	2	2
INH	SNP_CN_2156100_T12G_Q4H_katG	Table-10-snp	0	1	0	1	1
INH	SNP_CN_2156096_G16A_P6S_katG	Table-10-snp	0	15	0	15	15
INH	SNP_CN_2156083_T29C_E10G_katG	Table-10-snp	1	0	0	1	1
INH	SNP_CN_2156078_T34C_T12A_katG	Table-10-snp	0	1	0	1	1
INH	SNP_CN_2156066_C46T_A16T_katG	Table-10-snp	0	1	0	1	1
INH	SNP_CN_2156065_G47A_A16V_katG	Table-10-snp	0	1	0	1	1
INH	SNP_CN_2156045_C67G_V23L_katG	Table-10-snp	0	1	0	1	1
INH	SNP_CN_2156027_G85T_P29T_katG	Table-10-snp	1	0	0	1	1
INH	SNP_CN_2156027_G85A_P29S_katG	Table-10-snp	1	0	0	1	1
INH	SNP_CN_2156011_C101G_G34A_katG	Table-10-snp	1	0	0	1	1
INH	SNP_CN_2156005_T107G_Q36P_katG	Table-10-snp	0	2	0	2	2
INH	SNP_CN_2155973_C139T_V47I_katG	Table-10-snp	0	1	0	1	1
INH	SNP_CN_2155942_G170C_P57R_katG	Table-10-snp	1	0	0	1	1
INH	SNP_CN_2155940_T172C_M58V_katG	Table-10-snp	1	0	0	1	1
INH	SNP_CN_2155741_C371G_G124A_katG	Table-10-snp	0	1	0	1	1
INH	SNP_CN_2155736_T376C_M126V_katG	Table-10-snp	1	0	0	1	1
INH	SNP_CN_2155732_T380G_Q127P_katG	Table-10-snp	2	0	0	2	2
INH	SNP_CN_2155631_A481G_W161R_katG	Table-10-snp	3	0	0	3	3
INH	SNP_CN_2155627_G485A_A162V_katG	Table-10-snp	0	3	0	3	3
INH	SNP_CN_2155625_C487T_D163N_katG	Table-10-snp	1	0	0	1	1
INH	SNP_CN_2155612_A500C_F167C_katG	Table-10-snp	3	0	0	3	3
INH	SNP_CN_2155610_C502T_A168T_katG	Table-10-snp	1	0	0	1	1
INH	SNP_CN_2155607_C505T_G169S_katG	Table-10-snp	5	0	0	5	5
INH	SNP_CN_2155573_G539T_T180K_katG	Table-10-snp	1	0	0	1	1
INH	SNP_CN_2155568_C544G_G182R_katG	Table-10-snp	1	0	0	1	1
INH	SNP_CN_2155561_C551T_G184D_katG	Table-10-snp	0	1	0	1	1
INH	SNP_CN_2155546_T566G_D189A_katG	Table-10-snp	1	0	0	1	1
INH	SNP_CN_2155546_T566C_D189G_katG	Table-10-snp	2	0	0	2	2
INH	SNP_CN_2155541_A571G_W191R_katG	Table-10-snp	14	0	0	14	14
INH	SNP_CN_2155541_A571C_W191G_katG	Table-10-snp	3	1	0	4	4
INH	SNP_CN_2155532_C580T_D194N_katG	Table-10-snp	0	1	0	1	1
INH	SNP_CN_2155529_C583T_E195K_katG	Table-10-snp	0	1	0	1	1
INH	SNP_CN_2155525_A587C_V196G_katG	Table-10-snp	1	0	0	1	1
INH	SNP_CN_2155514_T598C_K200E_katG	Table-10-snp	3	0	0	3	3
INH	SNP_CN_2155498_A614C_L205R_katG	Table-10-snp	0	1	0	1	1
INH	SNP_CN_2155487_G625A_R209C_katG	Table-10-snp	1	0	0	1	1
INH	SNP_CN_2155480_C632T_S211N_katG	Table-10-snp	1	0	0	1	1
INH	SNP_CN_2155627_G485T_A162E_katG	Table-10-snp	1	0	0	1	1
INH	SNP_CN_2155636_A476G_L159P_katG	Table-10-snp	2	0	0	2	2
INH	SNP_CN_2155723_G389T_A130E_katG	Table-10-snp	1	0	0	1	1
INH	SNP_CN_2155637_G475A_L159F_katG	Table-10-snp	1	0	0	1	1
INH	SNP_CN_2155721_G391A_P131S_katG	Table-10-snp	1	0	0	1	1
INH	SNP_CN_2155720_G392T_P131Q_katG	Table-10-snp	3	0	0	3	3
INH	SNP_CN_2155717_A395C_L132R_katG	Table-10-snp	2	0	0	2	2
INH	SNP_CN_2155700_T412G_N138H_katG	Table-10-snp	1	1	0	2	2
INH	SNP_CN_2155700_T412C_N138D_katG	Table-10-snp	1	0	0	1	1
INH	SNP_CN_2155697_C415G_A139P_katG	Table-10-snp	1	0	0	1	1
INH	SNP_CN_2155693_C419T_S140N_katG	Table-10-snp	2	0	0	2	2
INH	SNP_CN_2155690_A422G_L141S_katG	Table-10-snp	2	0	0	2	2
INH	SNP_CN_2155689_C423G_L141F_katG	Table-10-snp	4	0	0	4	4
INH	SNP_CN_2155687_T425C_D142G_katG	Table-10-snp	4	0	0	4	4
INH	SNP_CN_2155682_C430T_A144T_katG	Table-10-snp	1	0	0	1	1
INH	SNP_CN_2155678_C434T_R145H_katG	Table-10-snp	2	0	0	2	2
INH	SNP_CN_2155675_C437T_R146Q_katG	Table-10-snp	2	0	0	2	2
INH	SNP_CN_2155673_G439C_L147V_katG	Table-10-snp	0	2	0	2	2
INH	SNP_CN_2155672_A440G_L147P_katG	Table-10-snp	0	1	0	1	1
INH	SNP_CN_2155667_A445G_W149R_katG	Table-10-snp	1	0	0	1	1
INH	SNP_CN_2155653_C459A_K153N_katG	Table-10-snp	1	0	0	1	1
INH	SNP_CN_2155648_T464G_Y155S_katG	Table-10-snp	5	0	0	5	5
INH	SNP_CN_2155648_T464C_Y155C_katG	Table-10-snp	4	0	0	4	4
INH	SNP_CN_2154758_C1354G_E452Q_katG	Table-10-snp	0	1	0	1	1
INH	SNP_CN_2154730_T1382G_Q461P_katG	Table-10-snp	3	0	0	3	3
INH	SNP_CN_2518247_G133T_A45S_kasA	Table-10-snp	8	0	0	8	8
INH	INS_CF_2154462_i1650A_551S_katG	AJRCCM/Table-10-snp	1	0	0	1	1
INH	INS_CF_2155796_i316G_106G_katG	AJRCCM/Table-10-snp	1	0	0	1	1
INH	INS_CF_2155520_i592T_198L_katG	AJRCCM/Table-10-snp	1	0	0	1	1
INH	INS_CF_2155515_i597C_200Q_katG	AJRCCM/Table-10-snp	1	0	0	1	1
INH	INS_CF_2155479_i633T_212W_katG	AJRCCM/Table-10-snp	2	0	0	2	2
INH	INS_CF_2155197_i915C_306H_katG	AJRCCM/Table-10-snp	1	0	0	1	1
INH	INS_CF_2155088_i1024G_342G_katG	AJRCCM/Table-10-snp	2	0	0	2	2
INH	INS_CF_2154913_i1199A_400Q_katG	AJRCCM/Table-10-snp	1	0	0	1	1
INH	INS_CF_2154541_i1571T_524I_katG	AJRCCM/Table-10-snp	1	0	0	1	1
INH	INS_CF_2154501_i1611A_538S_katG	AJRCCM/Table-10-snp	0	1	0	1	1
INH	INS_CF_2154256_i1856T_619L_katG	AJRCCM/Table-10-snp	1	0	0	1	1
INH	SNP_CN_1674622_G421A_G141R_inhA	Table-10-snp	0	1	0	1	1
INH	INS_CF_2154212_i1900C_634P_katG	AJRCCM/Table-10-snp	1	0	0	1	1
INH	INS_CF_2154110_i2002T_668L_katG	AJRCCM/Table-10-snp	1	0	0	1	1
INH	DEL_P_4243207_d26A_promoter-embA-embB	Table-10-snp	1	0	0	1	1
INH	DEL_P_4243205_d28T_promoter-embA-embB	Table-10-snp	5	0	0	5	5
INH	DEL_P_4243204_d29CT_promoter-embA-embB	Table-10-snp	1	0	0	1	1
INH	DEL_P_4243201_d32G_promoter-embA-embB	Table-10-snp	3	0	0	3	3
INH	DEL_P_4243199_d34C_promoter-embA-embB	Table-10-snp	3	0	0	3	3
INH	DEL_P_4243196_d37T_promoter-embA-embB	Table-10-snp	1	0	0	1	1
INH	DEL_P_4243193_d40TCC_promoter-embA-embB	Table-10-snp	1	0	0	1	1
INH	INS_CF_2156091_i21T_8Y_katG	AJRCCM/Table-10-snp	1	0	0	1	1
INH	INS_CF_2156094_i18A_7T_katG	AJRCCM/Table-10-snp	0	2	0	2	2
INH	INS_CF_409548_i186G_63G_iniB	Table-10-snp	1	4	0	5	5
INH	INS_CF_409760_i398T_133A_iniB	Table-10-snp	4	11	0	15	15
INH	SNP_CN_1674484_A283C_I95L_inhA	Table-10-snp	1	2	0	3	3
INH	SNP_CN_1674481_T280G_S94A_inhA	AJRCCM/Table-10-snp	109	8	0	117	117
INH	SNP_CN_1674382_C181G_L61V_inhA	Table-10-snp	1	0	0	1	1
INH	SNP_CN_1674305_A104G_Q35R_inhA	Table-10-snp	2	7	0	9	9
INH	SNP_CN_1674277_G76A_A26T_inhA	Table-10-snp	1	0	0	1	1
INH	SNP_CN_1674263_T62C_I21T_inhA	Table-10-snp	46	8	0	54	54
INH	SNP_CN_1674262_A61G_I21V_inhA	Table-10-snp	7	0	0	7	7
INH	SNP_CN_1674248_T47C_I16T_inhA	Table-10-snp	0	1	0	1	1
INH	LSP_CN_410008_TTGGCGCTGGTGTCGGCGCTGGTGTCGGCGGCCAGGC647-683TCGGCGCTGGTGTCGGCGGCCAGGCGGGCATCGCTAG_VGAGVGAGVGGQA216-228VGAGVGGQAGIAR_iniB&DEL_CF_410047_d685GGGCATCGCTAGCCAGATCGGTGTCT_229_iniB	Table-10-snp	0	2	0	2	2
INH	LSP_CN_409998_CAGGG637-641CCGGT_QG213-214PV_iniB&INS_CF_410005_i643GGCAGCACCGGGTTTGGCCCGTGCGCCGCCCTTCGTACAGCAAATCCCGCTGGCCGGCGTCGACCACGCCGCCCAGCACCGAATCGGT_215GQHRVWPVRRPSYSKSRWPASTTPPSTES_iniB	Table-10-snp	0	1	0	1	1
INH	LSP_CN_409556_GCAGG195-199GTGCG_RQA65-67RCA_iniB&INS_CF_409564_i202ATCCAGCTCACGGCGCACCAGGATCGCCGACAAGGAGGACGTCGACTGCCACCTTCGTCTTTTCCAGCTCACTGGCGGAGATGGCCGACGACTACGACGAGGCCTGGATGCTCAACACCGTGTCGCCGGTGGATCCTCAAAATGCCGTGCTCGGCGGTCGTGGTCAGCCACTGCT_68DPAHGAPGSPTRRTSTATFVFSSSLAEMADDYDEAWMLNTVSPVDPQNAVLGGRGQPL_iniB	Table-10-snp	0	1	0	1	1
INH	INS_P_4243219_i.14-5TACCATCGAG_promoter-embA-embB	Table-10-snp	1	0	0	1	1
INH	INS_P_2726191_i2T_promoter-ahpC	Table-10-snp	0	1	0	1	1
INH	INS_P_2726147_i46T_promoter-ahpC	Table-10-snp	7	0	0	7	7
INH	INS_P_2726106_i.87-86AT_promoter-ahpC	Table-10-snp	2	0	0	2	2
INH	INS_CI_4247423_i909CTG_304L_embB	Table-10-snp	1	0	0	1	1
INH	INS_CI_2154700_i1412GCTAGTTTCGACCGCATGGGCGGCGGC_471QLVSTAWAA_katG	AJRCCM/Table-10-snp	1	0	0	1	1
INH	INS_CI_2154159_i1953GCC_652A_katG	AJRCCM/Table-10-snp	0	1	0	1	1
INH	INS_CF_410246_i884G_295V_iniB	Table-10-snp	0	1	0	1	1
INH	DEL_P_4243191_d42CAT_promoter-embA-embB	Table-10-snp	1	0	0	1	1
INH	DEL_P_4243190_d43G_promoter-embA-embB	Table-10-snp	1	0	0	1	1
INH	DEL_P_2726159_d34A_promoter-ahpC	Table-10-snp	0	1	0	1	1
INH	DEL_CF_2154510_d1602C_535_katG	AJRCCM/Table-10-snp	0	1	0	1	1
INH	DEL_CF_2154430_d1682T_561_katG	AJRCCM/Table-10-snp	1	0	0	1	1
INH	DEL_CF_2154302_d1810ACGGGTT_604_katG	AJRCCM/Table-10-snp	1	0	0	1	1
INH	DEL_CF_2153962_d2150TGCGCGTCATCGGCGCCATAGACCTCGACAAGCGCCCGCAACTCCGAGTTGGACCCGAAGACCAGGTCCACGCGGCTGCCGGTCCACTTCACCTTGCCACTGCCATCCTTGCCCTGGTAGGTCCCGTCATCTGCTGGCGAGGGCTCCCAGGTGATACCCATGTCGAGCAGGTTCACGAAGAAGTCGTTGGTCAGTGACTCGGAGGCCTCGGTGAACACGCCCAGCGGTAAGCGCTTGTAGTTTGCGCCGAGGACGCGCAGGCCACCTACCAGCACCGTCATCTCAGGGGCACTGAGCGTAAGCAGGTTCGCCTTGTCGAGCAGCATGTACTCGGCCGGCAACGGGTTGCCCTTTCCGAGGTAGTTTCGGAAGCCATCTGCCTTGGGCTCCAGCACGGCAAAGGATTC_717_katG	AJRCCM/Table-10-snp	1	0	0	1	1
INH	DEL_CD_4249456_d2942GCA_981_embB	Table-10-snp	0	2	0	2	2
INH	DEL_CD_4246691_d177CAG_60_embB	Table-10-snp	1	0	0	1	1
INH	DEL_CD_410372_d1010GGTTGGCGGGGTCGGCGGGGCAACCGCGGCCGG_337_iniB	Table-10-snp	1	0	0	1	1
INH	DEL_CD_410026_d664CTGGTGTCGGCG_222_iniB	Table-10-snp	4	6	0	10	10
INH	DEL_CD_410010_d648GGCGCTGGTGTC_217_iniB	Table-10-snp	5	5	0	10	10
INH	DEL_CD_410007_d645GTTGGCGCTGGT_216_iniB	Table-10-snp	19	42	0	61	61
INH	DEL_CD_409896_d534GGT_179_iniB	Table-10-snp	0	1	0	1	1
INH	DEL_CD_2156024_d88CGG_30_katG	AJRCCM/Table-10-snp	1	0	0	1	1
INH	DEL_CD_2156021_d91CGACGGGGTATTTCATATGACCCA_31_katG	AJRCCM/Table-10-snp	1	0	0	1	1
INH	DEL_CD_2155748_d364CGC_122_katG	AJRCCM/Table-10-snp	1	0	0	1	1
INH	DEL_CD_2155246_d866TCGGGT_289_katG	AJRCCM/Table-10-snp	1	0	0	1	1
INH	DEL_CD_2155026_d1086GCCGGCACCGGC_363_katG	AJRCCM/Table-10-snp	3	1	0	4	4
INH	DEL_CD_2154824_d1288GCG_430_katG	AJRCCM/Table-10-snp	1	0	0	1	1
INH	DEL_CD_2154762_d1350GACGAGGTCGTG_451_katG	AJRCCM/Table-10-snp	1	0	0	1	1
INH	DEL_CD_2154162_d1950GGA_651_katG	AJRCCM/Table-10-snp	0	1	0	1	1
INH	SNP_CZ_2156028_G84T_Y28*_katG	Table-10-snp	1	0	0	1	1
INH	DEL_CF_2154442_d1670T_557_katG	AJRCCM/Table-10-snp	1	0	0	1	1
INH	DEL_CF_2154631_d1481C_494_katG	AJRCCM/Table-10-snp	1	0	0	1	1
INH	DEL_CF_410754_d1392C_465_iniB	Table-10-snp	1	0	0	1	1
INH	DEL_CF_2154747_d1365A_456_katG	AJRCCM/Table-10-snp	1	0	0	1	1
INH	DEL_CF_410519_d1157C_386_iniB	Table-10-snp	0	2	0	2	2
INH	DEL_CF_410280_d918T_307_iniB	Table-10-snp	3	36	0	39	39
INH	DEL_CF_410111_d749C_250_iniB	Table-10-snp	1	0	0	1	1
INH	DEL_CF_409883_d521TGGCCTGGGTCTGGGTGGTCAGGCCGGCGGTGTGATCGGTGGGAGCGCGGCCGGGGCTATCGGTGCCGGCGTCGGCGGTCGCCTAGGCGGCAATGGCCAGATCGGAGTTGCCGGCCAGGGTGCCGTTGGCGCTGGTGTCGGCGCTGGTGTCGGCGGCCAGGCGGGCATCGCTAGCCAGATCGGTGTCTCAGCCGGTGGTGGGCTCGGCGGCGTCGGCAATGTCAGCGGCCTGACCGGGGTCAGCAGCAACGCAGTGTTGGCTTCCAACGCAAGCGGCCAGGCGGGGTTGATCGCCAGTGAAGGCGCTGCCTTGAACGGCGCTGCTATGCCTCATCTGTCGGGCCCGTTAGCCGGTGTCGGTGTGGGTGGTCAGGCCGGCGCCGCTGGCGGCGCCGGGTTGGGCTTCGGAGCGGTCGGGCACCCGACTCCTCAGCCGGCGGCCCTGGGCGCGGCTGGCGTGGTGGCCAAGACCGAGGCGGCTGCTGGAGTGGTTGGCGGGGTCGGCGGGGCAACCGCGGCCGGGGTCGGCGGGGCACACGGCGACATCCTGGGCCACGAGGGAGCCGCACTGGGCAGTGTCGACACGGTCAACGCCGGTGTCACGCCCGTCGAGCATGGCTTGGTCCTGCCCAGTGGCCCCCTGATCCACGGCGGTACCGGCGGCTATGGCGGCATGAACCCGCCAGTGACCGATGCGCCGGCACCGCAAGTTCCGGCGCGGGCCCAGCCGATGACCACGGCGGCCGAGCACACGCCGGCGGTTACCCAACCGCAGCACACGCCGGTCGAGCCGCCGGTCCACGATAAGCCGCCGAGCCATTCGGTGTTTGACGTCGGTCACGAGCCGCCGGTGACGCACACGCCGCCGGCGCCCATCGAACTGCCGTCGTACGGCCTTTTCGGACTACCCGGGTTCTGATTCGCGAGCCGATTTCACGAACCGGTGGGGACGTTCATGGTCCCCGCCGGTTTGTGCGCATACCGTGATCTGAGGCGTAAACGAGCGAGAAAGTGGGGCGACACGGTGACCCAGCCCGATGACCCACGTCGGGTCGGTGTGATCGTCGAACTGATCGATCACACTATCGCCATCGCCAAACTGAACGAGCGTGGTGATCTAGTACAGCGGTTGACGCGGGCTCGCCAGCGGATCACCGACCCGCAGGTCCGTGTGGTGATCGCCGGGCTGCTCAAACAGGGCAAGAGT_174_iniB	Table-10-snp	1	0	0	1	1
INH	DEL_CF_409581_d219T_74_iniB	Table-10-snp	3	0	0	3	3
INH	DEL_CF_409538_d176C_59_iniB	Table-10-snp	1	0	0	1	1
INH	DEL_CF_2726441_d248G_83_ahpC	Table-10-snp	0	1	0	1	1
INH	DEL_CF_2726384_d191GATCG_64_ahpC	Table-10-snp	0	1	0	1	1
INH	DEL_CF_2156071_d41C_14_katG	AJRCCM/Table-10-snp	1	0	0	1	1
INH	DEL_CF_2156065_d47G_16_katG	AJRCCM/Table-10-snp	1	1	0	2	2
INH	DEL_CF_2156058_d54G_19_katG	AJRCCM/Table-10-snp	1	0	0	1	1
INH	DEL_CF_2156048_d64C_22_katG	AJRCCM/Table-10-snp	3	0	0	3	3
INH	DEL_CF_2156036_d76TATGACCCACGACGGGACAGCCGTTGCTAGCGGCTCCGGTGGTGGTTTCTGTAATGGGTGGGTGTTGCTCGGGCACAGCATTCCTTCCAGGAGTTGGTGTTATCGGGCTGTGATCACGGATGTGATCGCGAAGTGTCGGATATCGAACAATCAGGACATAGACCCCAGTAGATGACCTCCGCCTCGTCCAACAGGAAGCCGTTATGGTCCGAGGCCGTCAGACAGGGTGCCTCGCCAACAGCACAGTCGACATCGGCGATAACCCCGCAAGACCGGCAGACGATGTGATGGTGGTTGTCGCCGACCCTGGACTCGTAGCGCGCGACGGAGCCCGAGGGTTGGATCTTTCGCACCAAGCCCGCGGCGGTCAGGGCATGCAGCACGTCGTACACGGCTTGCCGGGATACGTCGGGCAGCGCAAAACGCACGGCACCGAAAATCGTTTCCGTGTCGGCGTGTGGATGCGCATTCACTGCTTCCAGGACGGCGACGCGCGGTCGGGTCACGCGCAGGTCGGCCGTCCGGAGCTGTTCGGCGTAGTCCGGTATAGAGGACACACTAGACAATATGACTCCCTTTTCTGGAATCAGTCAAGACTTTGGCTAGCGTGACAGGCGTCTGCTAGGACCCGATCGCCCCGGGGCCGCTGGATCGTGGGATGGCGGGTGGATCAGCCTTCGTATGTTCCGATGAGCCGGGCCTGCATGGTGGCGGCCTGCGCGATCACCCGCGCCGCTTGTGTCCCAGCCAGTCCCGCGAGTGGAGGCACGGCAGGAAGGTGGTAGAGGGTAAACCGGTAGTGGTGTGTCCCGGTGCCCGCCGGCGGGCAGGGGCCGGTGTATGCGGGCTGACCGCTGGAGTTCGGCAGGCTGATTCCGCCACCGGGAGTCTCACCATCGGCGGTGCTGCCAGCACCAGGGGCGATCCCGATCACGATCCAATGGACGTAAGGTTCGCGAGGTGCGTCCGGATCATCGACAACGAGTGCGCCGCCAAACGGCGCCGACCAGGTCAACGGAGGCGCGATATTGGCTCCTTTGCAGGTGTACTGTTCCGGGATCGGCGCACCGTCGGCGAATGCCGGACTGCTGATTGTCAGTACATCGCCGGTAGGCGTTTCGGGCATACTCCGACCGAGCGCTGCTGCTTTCGGCGCCAGCGGCGCCGCCTTTCGACTGTCACCGTTGCCACCGTAGGCAACTAGCGCCACGGGGAGCGCCAGCCCCAAGATGGCCAGTGCGAACCGGTGAAATGCGTGCGCCACTGTCGATTCCATATTGATCATTGTCGCCAGGCGCAATTGGAGAAGCCAGGGTTTCGACCACCTCGCCAGGGATGCCGCGGCGTCAGCCTTCGAATGTGCCGACGAGCCGGGCCTGTCCGCTGGCGGCCTGTGCTATCGCCTGTGCCGCTTGGACTCCCGTGGCTCCCGGTGGCAGCTGGAGCGCGACAGGAAGGTGGTAGAGGGTAAACCGGTAGTGGTGTGTCCCGGTGCCCGCCGGCGGGCATGGACCGAAGTATCCTTGCCGACCACCAGAATTCGGCACGCTGTGCCCACCAGCAGGAGTCTGACCATCCGCCGTGCTGCCAGAGCCAGGGGCGATTCCGGTCACGATCCAGTGCACGTACAGTCCGCCGACCGCGTCGGGGTCATCGACGACGAGTGCCAGTTCGGCTGCGCCCGCGGGCGACGACCACGTCAACGGTGGCGCCACGTTGGCCCCCTTGCAGCTGAATTGCACCGGGATCGGGGCGCCGTCGGCGAACATGGGACTGGCGATCGTCAGTGGCTCGGCGGCCGGCGCCGGCGTTGTTGCGTCGACGGTCGTCGCTTTCGGCACGTATGGCGGTGTCTCTCGACTGTCACCGCCCCCGCCCCCGCAGCCACCCAGCGCCACTACGAGCGCCAGCCCCGCGGTGGCTAATGGGGTTCGGTGAAGTGTGCTCGTCATTGGAGATTCCATAGCACATTGTTACTAACTGGGATTCGAGAGTACAGCTGTTTTGCGGCCGCGCTTACCAGACAGCCGGGCCCCGGGCCACCCATCGCCTCACGGTACCAGCACCACCTTGTCGACGTTCTCCCGTGCGGCCAGAATCCGATGTGCTTCAGGAGCTTCGGCGAACGGCACGATTGCATGAACGATCGGCAGGATCGTTCCGTCGTTGAGCGCCTTGGTCAGCGGCGCGATCCAGGGTTCAAGGGTGCGGCGATCGTCCCACAACCGCAGCATGTTAAGACCGATCACGGTTTTCGACTCCTCGAGTTGTTTCATCAGGTTAAAGCCGCGCAGCATTGACAACGCGTGGGGCGCCACCCTGCGCATCGATCGTTTCTCGCCGTGCTGCATATTCGAAATCCCGTAGCCAACCAGCCTTCCACCCGGGCGCAGCAGAGTGTAGGACCGCCGCAGCGAGGTGCCGCCGAGCGCGTCAAGCACGACGTCATACGGGCCCAATCCCTGCCACCAGCCGTCCCGGCGGTAGTCGATCGCGCGGTCCACACCGAACTCGGCCAGCTTCTGATGTTTTTGGGGTGATGCGGTGCCGTGCACTTCGGCCTTGGCTGCTTTCGCGAATTGGACCGCCGCGATGCCGACTCCACCGGCCGCGGCGTGAATCAGCACCCGCTCACCGGCGCGCAACGATCCGTAGCCGTGCAGCGCCGCCCAGGCGGTCGCGTAATTCACCGGGACCGCGGCACCCTGTTCGAAGCTCAGCGCATCGGGGAGCACAACCGAGTCGGTGGCCGCAACGTTGACGATCTCGCAGTAGCCACCAAATCGTGTACCGGCCAGGACTCGTTCGCCGACCCGGTTCGGGTCGACCCCATCACCGACAGCCTCGACCGTCCCAGCGACTTCGTATCCGACCACCGCCGGAAGTTTCGGCGCGTCTGGGTACAGGCCGACGCGGGCGAGATGGTCAGCGAAGTTCACCCCTGCTGCGCGGACGGCGACCCGCAGCTGGCCCGGGCCCGGTGGCGGCGGGTCCGGTCGCTGCCGCACCTGCAAGACCGATGGGTCGCCATGTTTGGTGATGACCACTGCTCGCATAATGTTCTCCTTGTCAGGCTTGACGGGTCGCACCCGCGAACACCCCTCTGTGATAGCACGAGTTATCAGGAGGTTCGGCGGGGCGTTACCTTTGCGGTTGTGCACTTCGACTGGGAGCGCCTGACCGACAGCGTGCATCGCTGCCGGCTGCCGTTCTGTGACGTCACCGTTGGGCTGGTCCGGGGCCGCACCGGAATACTGCTCGTCGACACCGGGACCACCCTCGGCGAAGCAACAGCAATCGCGGCCGACGTCAAGCAGATCGCTGGTTGCCAGGTAACGCATGTTGTGTTGACACACAAGCATTTCGACCATGTGCTGGGTTCCTCGGTGTTCGACCAAGCGGAGGTGTTCTGCGCTCCCGAGGTCGTCGAATACCTACGGTCGGCTACCGACCGGCTCCGCGAAGATGCCCTGAGCTACGGCGCGGACACAGCTGAGGTTGACCGCGCGATCGCGGCCCTGAAACCACCTCAGCACGGGATCTACGATGCAGCCGTCGATCTCGGGGACCGCACCGTCACCATCACTCACCCCGGCAGCGGCCACACCACAGCAGATCTCGTCGTGGTGGCGCCGGCCACCGGCCATGCAGACGGCCCAACGGTGGTCTTCACGGGTGATCTTGTCGAGGAGTCAGCCGATCCTGATATCGACGCCGATTCCGACCTGGCGGCCTGGCCGGCAACGCTTGATCGGGTACTTGCGATCGGCGGCCCTGACGCCAGCTACGTCCCGGGGCACGGGAAGGTCGTCGATGCGCAGTTTGTCCGTCGCCAGCGCGCCTGGTTGCGAACACGTGCGAGCCGCCAGCCTCGTGAAACGCCAGCTACTTTGCCGTGCAAGCGGTGACGAGCGCATCCGGGTCGGTAACGCTGACCCACAATTCGCGCACCGTCATCGACTTCTTCCACATCTTTGCCTGTTCGGGCGGATCGATCGTCAGTGCCACCAGGCCCTTACGTGACCCGTTGACCAGCCAGCGGCCGAATCCAAAGTGCACCCCGGCTGCGTAGACCCTTGCGTTGGTCGCCTCTGCCTTCGTGATCGACGTCAACGGGATGTCGGCGGCAAATGCCCATCCCATCTTGACGTGCAGGCTCCCCGCCCCAACCCATAGCTCGCTGTTCTTGGGGCCGAGCCCGAGCGGCACCGCAAGCGGGAGAAACCAACGGTCAAAGCGCAACTGGGTCGGCACCAAGATGACCCTACCGGTGCTAGTGCGGCTCAGTACCATGTAGGAGTTAGTCTCGAACCGCCCCAGTGGCGTTGCGGAATTTGCGAGCCGTCATCGGTCAGTGATCTAGGTCGCCCGTCCGGGGATACACTCGGTCCGTCAGGTGAATCGGGGCTGCAGAGGAGCGCAAGGCCATGGCCATCGCCGAAACGGACACCGAGGTCCACACACCGTTCGAGCAGGACTTTGAGAAAGACGTAGCCGCCACTCAGCGATACTTCGACAGCTCGCGCTTTGCTGGGATCATTCGGCTCTACACCGCCCGCCAAGTCGTGGAACAGCGCGGCACGATCCCCGTCGACCACATCGTGGCGCGAGAGGCGGCGGGCGCCTTCTACGAGCGTCTGCGCGAACTCTTTGCAGCCCGCAAGAGCATCACGACGTTTGGCCCCTACTCGCCGGGGCAGGCGGTGAGCATGAAGCGGATGGGTATCGAGGCGATCTACCTCGGTGGTTGGGCTACCTCAGCTAAGGGCTCCAGCACCGAAGATCCGGGGCCCGACCTCGCCAGCTACCCGCTGAGCCAGGTGCCTGACGATGCCGCGGTGCTGGTGCGCGCCTTGCTCACCGCGGACCGCAACCAACACTATCTACGCCTGCAGATGAGCGAGCGACAGCGTGCGGCGACACCGGCTTACGACTTCCGCCCGTTTATCATCGCCGACGCCGGCACCGGCCACGGCGGCGATCCGCACGTACGCAACCTGATCCGCCGCTTCGTCGAGGTCGGTGTGCCGGGCTACCACATCGAGGACCAACGACCCGGCACCAAGAAGTGCGGCCACCAGGGCGGCAAGGTCCTGGTGCCGTCCGACGAACAGATCAAGCGGCTCAACGCCGCCCGCTTCCAGCTCGACATCATGCGGGTGCCCGGCATCATCGTCGCACGCACCGACGCGGAGGCGGCCAACCTGATCGACAGTCGCGCCGACGAGCGTGACCAGCCGTTCCTTCTCGGCGCGACCAAGCTCGACGTACCGTCCTACAAGTCCTGTTTCCTGGCAATGGTGCGGCGTTTTACGAACTGGGCGTCA_26_katG	AJRCCM/Table-10-snp	1	0	0	1	1
INH	DEL_CF_2155741_d371C_124_katG	AJRCCM/Table-10-snp	2	0	0	2	2
INH	DEL_CF_2155739_d373CG_125_katG	Table-10-snp	0	1	0	1	1
INH	DEL_CF_2155582_d530C_177_katG	AJRCCM/Table-10-snp	0	2	0	2	2
INH	DEL_CF_2155296_d816G_273_katG	AJRCCM/Table-10-snp	1	0	0	1	1
INH	DEL_CF_2155207_d905C_302_katG	AJRCCM/Table-10-snp	2	0	0	2	2
INH	DEL_CF_2155156_d956A_319_katG	AJRCCM/Table-10-snp	2	0	0	2	2
INH	SNP_CN_1674553_A352G_K118E_inhA	Table-10-snp	1	0	0	1	1
INH	SNP_CN_1674685_A484G_T162A_inhA	Table-10-snp	11	0	0	11	11
INH	SNP_CN_2154727_A1385C_I462S_katG	Table-10-snp	4	0	0	4	4
INH	SNP_CN_2154486_G1626T_D542E_katG	Table-10-snp	1	0	0	1	1
INH	SNP_CN_2154548_C1564T_E522K_katG	Table-10-snp	0	1	0	1	1
INH	SNP_CN_2154545_C1567T_E523K_katG	Table-10-snp	0	1	0	1	1
INH	SNP_CN_2154543_C1569A_E523D_katG	Table-10-snp	0	1	0	1	1
INH	SNP_CN_2154539_G1573T_Q525K_katG	Table-10-snp	0	1	0	1	1
INH	SNP_CN_2154538_T1574G_Q525P_katG	Table-10-snp	1	2	0	3	3
INH	SNP_CN_2154532_G1580A_S527L_katG	Table-10-snp	0	1	0	1	1
INH	SNP_CN_2154518_C1594G_A532P_katG	Table-10-snp	0	1	0	1	1
INH	SNP_CN_2154512_C1600T_G534R_katG	Table-10-snp	0	1	0	1	1
INH	SNP_CN_2154503_T1609C_K537E_katG	Table-10-snp	1	2	0	3	3
INH	SNP_CN_2154466_C1646G_C549S_katG	Table-10-snp	1	0	0	1	1
INH	SNP_CN_1674685_A484T_T162S_inhA	Table-10-snp	2	2	0	4	4
INH	SNP_CN_2154461_C1651A_A551S_katG	Table-10-snp	0	1	0	1	1
INH	SNP_CN_2154441_C1671G_K557N_katG	Table-10-snp	0	2	0	2	2
INH	SNP_CN_2154428_T1684G_N562H_katG	Table-10-snp	0	1	0	1	1
INH	SNP_CN_2154412_A1700G_F567S_katG	Table-10-snp	1	0	0	1	1
INH	SNP_CN_2154406_G1706A_P569L_katG	Table-10-snp	1	0	0	1	1
INH	SNP_CN_2154404_C1708T_G570S_katG	Table-10-snp	1	0	0	1	1
INH	SNP_CN_2154404_C1708A_G570C_katG	Table-10-snp	0	1	0	1	1
INH	SNP_CN_2154403_C1709A_G570V_katG	Table-10-snp	0	1	0	1	1
INH	SNP_CN_2154400_C1712T_R571H_katG	Table-10-snp	1	0	0	1	1
INH	SNP_CN_2154556_C1556T_R519H_katG	Table-10-snp	0	1	0	1	1
INH	SNP_CN_2154565_T1547C_K516R_katG	Table-10-snp	1	0	0	1	1
INH	SNP_CN_2154571_A1541G_L514P_katG	Table-10-snp	0	1	0	1	1
INH	SNP_CN_2154581_C1531T_D511N_katG	Table-10-snp	0	1	0	1	1
INH	SNP_CN_2154707_C1405G_V469L_katG	Table-10-snp	0	5	0	5	5
INH	SNP_CN_2154700_T1412C_Q471R_katG	Table-10-snp	2	0	0	2	2
INH	SNP_CN_2154695_C1417G_V473L_katG	Table-10-snp	0	8	0	8	8
INH	SNP_CN_2154695_C1417A_V473F_katG	Table-10-snp	1	1	0	2	2
INH	SNP_CN_2154688_G1424A_T475I_katG	Table-10-snp	1	5	0	6	6
INH	SNP_CN_2154676_G1436C_A479G_katG	Table-10-snp	1	0	0	1	1
INH	SNP_CN_2154676_G1436A_A479V_katG	Table-10-snp	0	1	0	1	1
INH	SNP_CN_2154674_C1438A_A480S_katG	Table-10-snp	0	1	0	1	1
INH	SNP_CN_2154670_G1442A_S481L_katG	Table-10-snp	1	1	0	2	2
INH	SNP_CN_2154664_A1448G_F483S_katG	Table-10-snp	1	0	0	1	1
INH	SNP_CN_2154661_C1451T_R484H_katG	Table-10-snp	2	0	0	2	2
INH	SNP_CN_2154653_C1459T_D487N_katG	Table-10-snp	1	0	0	1	1
INH	SNP_CN_2154650_T1462C_K488E_katG	Table-10-snp	1	0	0	1	1
INH	SNP_CN_2154629_C1483A_G495C_katG	Table-10-snp	0	1	0	1	1
INH	SNP_CN_2154625_C1487T_R496H_katG	Table-10-snp	1	0	0	1	1
INH	SNP_CN_2154625_C1487A_R496L_katG	Table-10-snp	0	1	0	1	1
INH	SNP_CN_2154593_C1519T_V507I_katG	Table-10-snp	0	1	0	1	1
INH	SNP_CN_2154587_C1525T_D509N_katG	Table-10-snp	0	1	0	1	1
INH	SNP_CN_2154584_G1528C_P510A_katG	Table-10-snp	0	1	0	1	1
INH	SNP_CN_2154379_T1733G_Q578P_katG	Table-10-snp	1	0	0	1	1
INH	SNP_CN_2154377_T1735A_T579S_katG	Table-10-snp	1	0	0	1	1
INH	SNP_CN_2154362_A1750C_F584V_katG	Table-10-snp	0	2	0	2	2
INH	SNP_CN_2154079_T2033C_Y678C_katG	Table-10-snp	1	0	0	1	1
INH	SNP_CN_2154070_T2042G_K681T_katG	Table-10-snp	0	1	0	1	1
INH	SNP_CN_2154044_T2068G_T690P_katG	Table-10-snp	1	0	0	1	1
INH	SNP_CN_2154028_T2084G_D695A_katG	Table-10-snp	1	0	0	1	1
INH	SNP_CN_2154025_A2087T_L696Q_katG	Table-10-snp	0	1	0	1	1
INH	SNP_CN_2154022_A2090G_V697A_katG	Table-10-snp	3	0	0	3	3
INH	SNP_CN_2154016_C2096A_G699V_katG	Table-10-snp	1	0	0	1	1
INH	SNP_CN_2154014_A2098G_S700P_katG	Table-10-snp	2	0	0	2	2
INH	SNP_CN_2153999_G2113C_R705G_katG	Table-10-snp	2	0	0	2	2
INH	SNP_CN_2153975_C2137G_A713P_katG	Table-10-snp	2	0	0	2	2
INH	SNP_CN_2153926_T2186C_D729G_katG	Table-10-snp	1	0	0	1	1
INH	SNP_CN_2153911_A2201C_L734R_katG	Table-10-snp	2	0	0	2	2
INH	SNP_CN_2153909_C2203A_D735Y_katG	Table-10-snp	2	0	0	2	2
INH	SNP_CN_2153908_T2204G_D735A_katG	Table-10-snp	4	0	0	4	4
INH	SNP_CN_2153897_C2215T_V739M_katG	Table-10-snp	0	1	0	1	1
INH	SNP_CN_1674917_C716T_A239V_inhA	Table-10-snp	1	0	0	1	1
INH	SNP_CN_1674883_A682G_I228V_inhA	Table-10-snp	0	98	0	98	98
INH	SNP_CN_1674857_A656C_E219A_inhA	Table-10-snp	0	1	0	1	1
INH	SNP_CN_1674782_T581C_I194T_inhA	Table-10-snp	52	9	0	61	61
INH	SNP_CN_1674748_G547C_G183R_inhA	Table-10-snp	0	1	0	1	1
INH	SNP_CN_2154077_G2035C_Q679E_katG	Table-10-snp	1	0	0	1	1
INH	SNP_CN_2154083_T2029G_T677P_katG	Table-10-snp	2	0	0	2	2
INH	SNP_CN_2154352_A1760C_L587R_katG	Table-10-snp	2	0	0	2	2
INH	SNP_CN_2154112_G2000A_T667I_katG	Table-10-snp	0	1	0	1	1
INH	SNP_CN_2154349_T1763C_E588G_katG	Table-10-snp	1	0	0	1	1
INH	SNP_CN_2154341_C1771T_A591T_katG	Table-10-snp	0	1	0	1	1
INH	SNP_CN_2154320_G1792A_L598F_katG	Table-10-snp	1	0	0	1	1
INH	SNP_CN_2154319_A1793C_L598R_katG	Table-10-snp	0	2	0	2	2
INH	SNP_CN_2154296_C1816T_A606T_katG	Table-10-snp	0	1	0	1	1
INH	SNP_CN_2154289_T1823A_Y608F_katG	Table-10-snp	1	0	0	1	1
INH	SNP_CN_2154286_A1826G_M609T_katG	Table-10-snp	0	1	0	1	1
INH	SNP_CN_2154271_G1841T_A614E_katG	Table-10-snp	1	0	0	1	1
INH	SNP_CN_2154239_T1873C_T625A_katG	Table-10-snp	1	2	0	3	3
INH	SNP_CN_2154235_A1877T_V626E_katG	Table-10-snp	1	0	0	1	1
INH	SNP_CN_2154232_A1880G_L627P_katG	Table-10-snp	1	0	0	1	1
INH	SNP_CN_2154224_C1888G_G630R_katG	Table-10-snp	1	0	0	1	1
INH	SNP_CN_2154214_A1898G_V633A_katG	Table-10-snp	1	1	0	2	2
INH	SNP_CN_2154200_A1912G_Y638H_katG	Table-10-snp	0	1	0	1	1
INH	SNP_CN_2154167_C1945T_A649T_katG	Table-10-snp	1	0	0	1	1
INH	SNP_CN_2154158_A1954G_S652P_katG	Table-10-snp	1	0	0	1	1
INH	SNP_CN_2154145_T1967G_D656A_katG	Table-10-snp	1	1	0	2	2
INH	SNP_CN_2154134_T1978C_N660D_katG	Table-10-snp	4	0	0	4	4
INH	SNP_CN_2154113_T1999G_T667P_katG	Table-10-snp	3	0	0	3	3
INH	SNP_CN_2518235_A121G_S41G_kasA	Table-10-snp	0	4	0	4	4
INH	SNP_CN_2155741_C371T_G124D_katG	Table-10-snp	0	1	0	1	1
INH	SNP_CN_2518275_G161C_W54S_kasA	Table-10-snp	0	1	0	1	1
INH	SNP_CN_4247898_T1385C_M462T_embB	Table-10-snp	0	1	0	1	1
INH	SNP_CN_4248004_G1491C_Q497H_embB	Table-10-snp	3	3	0	6	6
INH	SNP_CN_4248003_A1490G_Q497R_embB	Table-10-snp	116	23	0	139	139
INH	SNP_CN_4248003_A1490C_Q497P_embB	Table-10-snp	10	1	0	11	11
INH	SNP_CN_4248002_C1489A_Q497K_embB	Table-10-snp	29	9	0	38	38
INH	SNP_CN_4247999_G1486A_D496N_embB	Table-10-snp	1	0	0	1	1
INH	SNP_CN_4247990_G1477A_V493M_embB	Table-10-snp	0	1	0	1	1
INH	SNP_CN_4247979_T1466G_I489S_embB	Table-10-snp	1	0	0	1	1
INH	SNP_CN_4247979_T1466C_I489T_embB	Table-10-snp	1	0	0	1	1
INH	SNP_CN_4247916_G1403A_R468H_embB	Table-10-snp	0	1	0	1	1
INH	SNP_CN_4247897_A1384C_M462L_embB	Table-10-snp	0	1	0	1	1
INH	SNP_CN_4247781_T1268C_M423T_embB	Table-10-snp	16	0	0	16	16
INH	SNP_CN_4247880_T1367C_V456A_embB	Table-10-snp	2	0	0	2	2
INH	SNP_CN_4247873_G1360A_A454T_embB	Table-10-snp	1	0	0	1	1
INH	SNP_CN_4247864_G1351A_A451T_embB	Table-10-snp	1	0	0	1	1
INH	SNP_CN_4247862_T1349G_I450S_embB	Table-10-snp	1	0	0	1	1
INH	SNP_CN_4247861_A1348C_I450L_embB	Table-10-snp	3	0	0	3	3
INH	SNP_CN_4247858_C1345A_L449M_embB	Table-10-snp	1	0	0	1	1
INH	SNP_CN_4247847_A1334G_Q445R_embB	Table-10-snp	6	0	0	6	6
INH	SNP_CN_4247825_G1312A_A438T_embB	Table-10-snp	0	1	0	1	1
INH	SNP_CN_4247808_C1295T_A432V_embB	Table-10-snp	1	0	0	1	1
INH	SNP_CN_4248004_G1491T_Q497H_embB	Table-10-snp	6	0	0	6	6
INH	SNP_CN_4248005_A1492T_T498S_embB	Table-10-snp	1	0	0	1	1
INH	SNP_CN_4248006_C1493A_T498N_embB	Table-10-snp	0	1	0	1	1
INH	SNP_CN_4248024_A1511G_E504G_embB	Table-10-snp	2	0	0	2	2
INH	SNP_CN_4248320_G1807A_G603R_embB	Table-10-snp	4	1	0	5	5
INH	SNP_CN_4248318_T1805C_V602A_embB	Table-10-snp	1	1	0	2	2
INH	SNP_CN_4248317_G1804A_V602I_embB	Table-10-snp	0	1	0	1	1
INH	SNP_CN_4248315_C1802G_A601G_embB	Table-10-snp	2	0	0	2	2
INH	SNP_CN_4248254_A1741G_T581A_embB	Table-10-snp	1	0	0	1	1
INH	SNP_CN_4248209_G1696A_V566M_embB	Table-10-snp	0	2	0	2	2
INH	SNP_CN_4248200_A1687C_I563L_embB	Table-10-snp	3	1	0	4	4
INH	SNP_CN_4248195_A1682G_K561R_embB	Table-10-snp	0	3	0	3	3
INH	SNP_CN_4248187_G1674C_L558F_embB	Table-10-snp	0	2	0	2	2
INH	SNP_CN_4248184_G1671C_M557I_embB	Table-10-snp	0	1	0	1	1
INH	SNP_CN_4248184_G1671A_M557I_embB	Table-10-snp	0	1	0	1	1
INH	SNP_CN_4248152_G1639T_A547S_embB	Table-10-snp	0	3	0	3	3
INH	SNP_CN_4248150_C1637T_T546I_embB	Table-10-snp	1	0	0	1	1
INH	SNP_CN_4248149_A1636G_T546A_embB	Table-10-snp	0	1	0	1	1
INH	SNP_CN_4248125_T1612C_S538P_embB	Table-10-snp	1	0	0	1	1
INH	SNP_CN_4248095_C1582G_L528V_embB	Table-10-snp	0	1	0	1	1
INH	SNP_CN_4248041_G1528A_A510T_embB	Table-10-snp	0	3	0	3	3
INH	SNP_CN_4248025_A1512T_E504D_embB	Table-10-snp	1	0	0	1	1
INH	SNP_CN_4248025_A1512C_E504D_embB	Table-10-snp	2	0	0	2	2
INH	SNP_CN_4247802_C1289T_P430L_embB	Table-10-snp	1	0	0	1	1
INH	SNP_CN_4247777_T1264C_S422P_embB	Table-10-snp	0	1	0	1	1
INH	SNP_CN_4247445_A932C_D311A_embB	Table-10-snp	0	2	0	2	2
INH	SNP_CN_4247534_A1021G_T341A_embB	Table-10-snp	0	1	0	1	1
INH	SNP_CN_4247556_T1043C_L348P_embB	Table-10-snp	0	1	0	1	1
INH	SNP_CN_4247555_C1042G_L348V_embB	Table-10-snp	2	0	0	2	2
INH	SNP_CN_4247553_G1040T_S347I_embB	Table-10-snp	3	0	0	3	3
INH	SNP_CN_4247553_G1040C_S347T_embB	Table-10-snp	1	0	0	1	1
INH	SNP_CN_4247552_A1039G_S347G_embB	Table-10-snp	1	0	0	1	1
INH	SNP_CN_4247545_C1032A_S344R_embB	Table-10-snp	0	1	0	1	1
INH	SNP_CN_4247537_C1024A_H342N_embB	Table-10-snp	0	1	0	1	1
INH	SNP_CN_4247535_C1022T_T341I_embB	Table-10-snp	0	1	0	1	1
INH	SNP_CN_4247535_C1022A_T341N_embB	Table-10-snp	0	2	0	2	2
INH	SNP_CN_4247533_G1020A_M340I_embB	Table-10-snp	1	1	0	2	2
INH	SNP_CN_2518278_A164G_D55G_kasA	Table-10-snp	0	2	0	2	2
INH	SNP_CN_4247507_T994C_W332R_embB	Table-10-snp	3	0	0	3	3
INH	SNP_CN_4247501_T988G_F330V_embB	Table-10-snp	0	1	0	1	1
INH	SNP_CN_4247496_A983G_D328G_embB	Table-10-snp	20	1	0	21	21
INH	SNP_CN_4247495_G982T_D328Y_embB	Table-10-snp	12	1	0	13	13
INH	SNP_CN_4247495_G982C_D328H_embB	Table-10-snp	1	1	0	2	2
INH	SNP_CN_4247469_A956G_Y319C_embB	Table-10-snp	10	0	0	10	10
INH	SNP_CN_4247469_A956C_Y319S_embB	Table-10-snp	49	3	0	52	52
INH	SNP_CN_4247468_T955G_Y319D_embB	Table-10-snp	1	0	0	1	1
INH	SNP_CN_4247463_C950T_S317F_embB	Table-10-snp	1	0	0	1	1
INH	SNP_CN_4247562_T1049C_M350T_embB	Table-10-snp	1	0	0	1	1
INH	SNP_CN_4247573_G1060A_D354N_embB	Table-10-snp	2	0	0	2	2
INH	SNP_CN_4247574_A1061C_D354A_embB	Table-10-snp	209	20	0	229	229
INH	SNP_CN_4247574_A1061G_D354G_embB	Table-10-snp	2	0	0	2	2
INH	SNP_CN_4247738_G1225C_A409P_embB	Table-10-snp	5	3	0	8	8
INH	SNP_CN_4247730_G1217C_G406A_embB	AJRCCM/Table-10-snp	99	14	0	113	113
INH	SNP_CN_4247730_G1217A_G406D_embB	AJRCCM/Table-10-snp	77	10	0	87	87
INH	SNP_CN_4247729_G1216T_G406C_embB	AJRCCM/Table-10-snp	2	3	0	5	5
INH	SNP_CN_4247729_G1216A_G406S_embB	AJRCCM/Table-10-snp	60	3	0	63	63
INH	SNP_CN_4247728_G1215C_E405D_embB	Table-10-snp	8	3	0	11	11
INH	SNP_CN_4247723_C1210T_P404S_embB	Table-10-snp	1	0	0	1	1
INH	SNP_CN_4247717_C1204G_L402V_embB	Table-10-snp	9	0	0	9	9
INH	SNP_CN_4247712_A1199G_N400S_embB	Table-10-snp	0	1	0	1	1
INH	SNP_CN_4247709_A1196C_N399T_embB	Table-10-snp	2	0	0	2	2
INH	SNP_CN_4247702_C1189A_P397T_embB	Table-10-snp	16	1	0	17	17
INH	SNP_CN_4247701_G1188A_M396I_embB	Table-10-snp	3	0	0	3	3
INH	SNP_CN_4247676_C1163T_A388V_embB	Table-10-snp	0	1	0	1	1
INH	SNP_CN_4247670_C1157A_A386E_embB	Table-10-snp	0	4	0	4	4
INH	SNP_CN_4247646_A1133G_E378G_embB	Table-10-snp	0	1	0	1	1
INH	SNP_CN_4247636_C1123T_P375S_embB	Table-10-snp	1	0	0	1	1
INH	SNP_CN_4247622_T1109G_L370R_embB	Table-10-snp	0	1	0	1	1
INH	SNP_CN_4247595_G1082C_C361S_embB	Table-10-snp	1	2	0	3	3
INH	SNP_CN_4247595_G1082A_C361Y_embB	Table-10-snp	1	1	0	2	2
INH	SNP_CN_4248320_G1807C_G603R_embB	Table-10-snp	3	0	0	3	3
INH	SNP_CN_4248365_G1852A_V618M_embB	Table-10-snp	1	0	0	1	1
INH	SNP_CN_4248371_C1858T_R620C_embB	Table-10-snp	0	3	0	3	3
INH	SNP_CN_4249547_T3034C_F1012L_embB	Table-10-snp	0	3	0	3	3
INH	SNP_CN_4249681_C3168G_D1056E_embB	Table-10-snp	0	1	0	1	1
INH	SNP_CN_4249680_A3167C_D1056A_embB	Table-10-snp	1	0	0	1	1
INH	SNP_CN_4249673_T3160C_S1054P_embB	Table-10-snp	5	23	0	28	28
INH	SNP_CN_4249660_G3147A_M1049I_embB	Table-10-snp	0	1	0	1	1
INH	SNP_CN_4249655_G3142A_V1048I_embB	Table-10-snp	0	2	0	2	2
INH	SNP_CN_4249653_A3140C_H1047P_embB	Table-10-snp	1	0	0	1	1
INH	SNP_CN_4249622_C3109A_L1037I_embB	Table-10-snp	0	1	0	1	1
INH	SNP_CN_4249583_G3070A_D1024N_embB	Table-10-snp	38	10	0	48	48
INH	SNP_CN_4249571_G3058T_A1020S_embB	Table-10-snp	0	1	0	1	1
INH	SNP_CN_4249545_A3032C_K1011T_embB	Table-10-snp	1	0	0	1	1
INH	SNP_CN_4248396_T1883C_F628S_embB	Table-10-snp	0	1	0	1	1
INH	SNP_CN_4249538_A3025C_I1009L_embB	Table-10-snp	0	1	0	1	1
INH	SNP_CN_4249531_C3018G_I1006M_embB	Table-10-snp	0	3	0	3	3
INH	SNP_CN_4249524_A3011C_N1004T_embB	Table-10-snp	0	1	0	1	1
INH	SNP_CN_4249518_A3005G_H1002R_embB	Table-10-snp	19	0	0	19	19
INH	SNP_CN_4249512_T2999G_M1000R_embB	Table-10-snp	0	1	0	1	1
INH	SNP_CN_4249428_G2915A_R972H_embB	Table-10-snp	1	0	0	1	1
INH	SNP_CN_4249424_C2911A_L971M_embB	Table-10-snp	0	1	0	1	1
INH	SNP_CN_4249364_G2851C_E951Q_embB	Table-10-snp	0	1	0	1	1
INH	SNP_CN_4249362_C2849T_A950V_embB	Table-10-snp	0	1	0	1	1
INH	SNP_CN_4249689_G3176C_R1059P_embB	Table-10-snp	0	1	0	1	1
INH	SNP_CN_4249718_A3205C_T1069P_embB	Table-10-snp	0	1	0	1	1
INH	SNP_CN_4249724_G3211T_V1071F_embB	Table-10-snp	0	1	0	1	1
INH	SNP_CN_4249757_A3244G_T1082A_embB	Table-10-snp	9	14	0	23	23
INH	SNP_CZ_2155842_C270T_W90*_katG	Table-10-snp	1	0	0	1	1
INH	SNP_CZ_2155708_C404T_W135*_katG	Table-10-snp	1	0	0	1	1
INH	SNP_CZ_2155666_C446T_W149*_katG	Table-10-snp	1	0	0	1	1
INH	SNP_CZ_2155665_C447T_W149*_katG	Table-10-snp	1	0	0	1	1
INH	SNP_CZ_2155588_G524T_S175*_katG	Table-10-snp	1	0	0	1	1
INH	SNP_CZ_2155518_C594T_W198*_katG	Table-10-snp	2	0	0	2	2
INH	SNP_CZ_2155212_C900T_W300*_katG	Table-10-snp	1	0	0	1	1
INH	SNP_CZ_2154877_C1235T_W412*_katG	Table-10-snp	1	0	0	1	1
INH	SNP_CZ_2154834_G1278C_Y426*_katG	Table-10-snp	1	0	0	1	1
INH	SNP_CZ_2154598_C1514T_W505*_katG	Table-10-snp	2	0	0	2	2
INH	SNP_CZ_2154597_C1515T_W505*_katG	Table-10-snp	2	0	0	2	2
INH	SNP_CZ_2154539_G1573A_Q525*_katG	Table-10-snp	0	2	0	2	2
INH	SNP_CZ_2154288_G1824C_Y608*_katG	Table-10-snp	1	0	0	1	1
INH	SNP_CZ_2154108_C2004T_W668*_katG	Table-10-snp	1	0	0	1	1
INH	SNP_CN_4249803_G3290C_G1097A_embB	Table-10-snp	0	1	0	1	1
INH	SNP_CN_4249802_G3289A_G1097S_embB	Table-10-snp	0	1	0	1	1
INH	SNP_CN_4249778_T3265C_W1089R_embB	Table-10-snp	1	0	0	1	1
INH	SNP_CN_4249773_G3260A_G1087D_embB	Table-10-snp	1	0	0	1	1
INH	SNP_CN_4249760_G3247A_A1083T_embB	Table-10-snp	0	1	0	1	1
INH	SNP_CN_4249302_G2789A_R930H_embB	Table-10-snp	0	1	0	1	1
INH	SNP_CN_4249251_C2738T_A913V_embB	Table-10-snp	0	2	0	2	2
INH	SNP_CN_4249235_G2722C_G908R_embB	Table-10-snp	0	6	0	6	6
INH	SNP_CN_4248590_G2077A_A693T_embB	Table-10-snp	0	1	0	1	1
INH	SNP_CN_4248561_C2048T_A683V_embB	Table-10-snp	0	1	0	1	1
INH	SNP_CN_4248551_G2038A_A680T_embB	Table-10-snp	0	3	0	3	3
INH	SNP_CN_4248549_C2036T_A679V_embB	Table-10-snp	1	0	0	1	1
INH	SNP_CN_4248548_G2035A_A679T_embB	Table-10-snp	1	0	0	1	1
INH	SNP_CN_4248540_T2027C_F676S_embB	Table-10-snp	0	1	0	1	1
INH	SNP_CN_4248516_T2003C_V668A_embB	Table-10-snp	1	0	0	1	1
INH	SNP_CN_4248515_G2002A_V668I_embB	Table-10-snp	1	10	0	11	11
INH	SNP_CN_4248506_G1993A_G665R_embB	Table-10-snp	0	1	0	1	1
INH	SNP_CN_4248487_C1974A_S658R_embB	Table-10-snp	0	1	0	1	1
INH	SNP_CN_4248486_G1973A_S658N_embB	Table-10-snp	0	1	0	1	1
INH	SNP_CN_4248482_A1969G_N657D_embB	Table-10-snp	0	1	0	1	1
INH	SNP_CN_4248477_C1964A_P655Q_embB	Table-10-snp	0	2	0	2	2
INH	SNP_CN_4248450_G1937T_W646L_embB	Table-10-snp	1	0	0	1	1
INH	SNP_CN_4248444_A1931T_N644I_embB	Table-10-snp	1	0	0	1	1
INH	SNP_CN_4248441_C1928T_T643I_embB	Table-10-snp	1	1	0	2	2
INH	SNP_CN_4248437_A1924G_T642A_embB	Table-10-snp	5	0	0	5	5
INH	SNP_CN_4248432_G1919C_W640S_embB	Table-10-snp	0	1	0	1	1
INH	SNP_CN_4248427_G1914C_L638F_embB	Table-10-snp	3	0	0	3	3
INH	SNP_CN_4248409_A1896C_L632F_embB	Table-10-snp	1	0	0	1	1
INH	SNP_CN_4248570_T2057C_L686P_embB	Table-10-snp	0	1	0	1	1
INH	SNP_CN_4248593_G2080A_G694S_embB	Table-10-snp	0	1	0	1	1
INH	SNP_CN_4249232_C2719T_P907S_embB	Table-10-snp	1	0	0	1	1
INH	SNP_CN_4248614_G2101A_A701T_embB	Table-10-snp	0	2	0	2	2
INH	SNP_CN_4249158_A2645C_K882T_embB	Table-10-snp	0	1	0	1	1
INH	SNP_CN_4249121_G2608A_D870N_embB	Table-10-snp	1	0	0	1	1
INH	SNP_CN_4249118_G2605C_D869H_embB	Table-10-snp	0	1	0	1	1
INH	SNP_CN_4249094_G2581A_A861T_embB	Table-10-snp	0	1	0	1	1
INH	SNP_CN_4249071_A2558C_Q853P_embB	Table-10-snp	2	1	0	3	3
INH	SNP_CN_4249031_G2518C_A840P_embB	Table-10-snp	0	1	0	1	1
INH	SNP_CN_4249019_G2506A_G836R_embB	Table-10-snp	0	2	0	2	2
INH	SNP_CN_4249007_C2494T_P832S_embB	Table-10-snp	3	0	0	3	3
INH	SNP_CN_4248982_T2469G_S823R_embB	Table-10-snp	0	1	0	1	1
INH	SNP_CN_4248972_A2459C_K820T_embB	Table-10-snp	0	2	0	2	2
INH	SNP_CN_4248962_G2449A_A817T_embB	Table-10-snp	3	2	0	5	5
INH	SNP_CN_4248903_C2390T_T797M_embB	Table-10-snp	0	4	0	4	4
INH	SNP_CN_4248902_A2389G_T797A_embB	Table-10-snp	1	0	0	1	1
INH	SNP_CN_4248860_G2347A_V783I_embB	Table-10-snp	0	2	0	2	2
INH	SNP_CN_4248840_C2327T_P776L_embB	Table-10-snp	0	3	0	3	3
INH	SNP_CN_4248830_T2317C_S773P_embB	Table-10-snp	1	4	0	5	5
INH	SNP_CN_4248756_G2243A_G748E_embB	Table-10-snp	0	1	0	1	1
INH	SNP_CN_4248705_C2192T_P731L_embB	Table-10-snp	2	5	0	7	7
INH	SNP_CN_4248659_G2146C_A716P_embB	Table-10-snp	1	0	0	1	1
INH	SNP_CN_4247457_A944G_Y315C_embB	Table-10-snp	2	0	0	2	2
INH	SNP_CN_4247747_T1234C_S412P_embB	Table-10-snp	1	0	0	1	1
INH	SNP_CN_4247431_G918T_M306I_embB	AJRCCM/Table-10-snp	42	2	0	44	44
INH	SNP_CN_409399_G38T_R13L_iniB	Table-10-snp	2	0	0	2	2
INH	SNP_CN_409594_T233G_V78G_iniB	Table-10-snp	0	1	0	1	1
INH	SNP_CN_409592_C231A_D77E_iniB	Table-10-snp	0	1	0	1	1
INH	SNP_CN_409569_G208A_A70T_iniB	AJRCCM/Table-10-snp	88	9	0	97	97
INH	SNP_CN_409516_G155T_G52V_iniB	Table-10-snp	1	0	0	1	1
INH	SNP_CN_409512_C151T_P51S_iniB	Table-10-snp	1	0	0	1	1
INH	SNP_CN_409482_C121G_Q41E_iniB	Table-10-snp	0	1	0	1	1
INH	SNP_CN_409441_G80T_R27L_iniB	Table-10-snp	0	2	0	2	2
INH	SNP_CN_409411_C50T_A17V_iniB	Table-10-snp	0	1	0	1	1
INH	SNP_CN_409405_A44C_E15A_iniB	Table-10-snp	1	1	0	2	2
INH	SNP_CN_409364_G3A_M1I_iniB	Table-10-snp	0	10	0	10	10
INH	SNP_CN_410038_G677T_G226V_iniB	Table-10-snp	1	0	0	1	1
INH	SNP_CN_2726775_G583T_A195S_ahpC	Table-10-snp	0	1	0	1	1
INH	SNP_CN_2726768_G576C_K192N_ahpC	Table-10-snp	0	2	0	2	2
INH	SNP_CN_2726763_C571T_L191F_ahpC	Table-10-snp	0	1	0	1	1
INH	SNP_CN_2726751_G559C_A187P_ahpC	Table-10-snp	0	1	0	1	1
INH	SNP_CN_2726737_A545G_D182G_ahpC	Table-10-snp	0	1	0	1	1
INH	SNP_CN_2726734_G542C_G181A_ahpC	Table-10-snp	0	1	0	1	1
INH	SNP_CN_2726685_C493T_L165F_ahpC	Table-10-snp	1	0	0	1	1
INH	SNP_CN_2726670_G478A_E160K_ahpC	Table-10-snp	0	1	0	1	1
INH	SNP_CN_4247431_G918C_M306I_embB	AJRCCM/Table-10-snp	157	29	0	186	186
INH	SNP_CN_409603_T242C_V81A_iniB	Table-10-snp	0	1	0	1	1
INH	SNP_CN_409614_G253A_G85S_iniB	Table-10-snp	0	1	0	1	1
INH	SNP_CN_409666_G305T_G102V_iniB	Table-10-snp	1	0	0	1	1
INH	SNP_CN_409695_C334G_L112V_iniB	Table-10-snp	1	15	0	16	16
INH	SNP_CN_410019_G658T_V220F_iniB	Table-10-snp	1	0	0	1	1
INH	SNP_CN_410005_C644T_A215V_iniB	Table-10-snp	1	0	0	1	1
INH	SNP_CN_409948_C587T_A196V_iniB	Table-10-snp	2	3	0	5	5
INH	SNP_CN_409935_G574A_G192R_iniB	Table-10-snp	0	1	0	1	1
INH	SNP_CN_409932_G571A_A191T_iniB	Table-10-snp	0	1	0	1	1
INH	SNP_CN_409908_G547A_G183S_iniB	Table-10-snp	0	2	0	2	2
INH	SNP_CN_409906_C545T_A182V_iniB	Table-10-snp	1	1	0	2	2
INH	SNP_CN_409873_G512A_G171D_iniB	Table-10-snp	1	0	0	1	1
INH	SNP_CN_409867_G506A_G169D_iniB	Table-10-snp	0	2	0	2	2
INH	SNP_CN_409845_C484G_L162V_iniB	Table-10-snp	0	2	0	2	2
INH	SNP_CN_409840_C479A_T160K_iniB	Table-10-snp	0	1	0	1	1
INH	SNP_CN_409825_G464T_G155V_iniB	Table-10-snp	3	5	0	8	8
INH	SNP_CN_409788_G427T_V143L_iniB	Table-10-snp	0	1	0	1	1
INH	SNP_CN_409768_T407C_V136A_iniB	Table-10-snp	1	1	0	2	2
INH	SNP_CN_409762_C401G_A134G_iniB	Table-10-snp	1	0	0	1	1
INH	SNP_CN_409756_T395C_L132S_iniB	Table-10-snp	0	2	0	2	2
INH	SNP_CN_409752_G391C_G131R_iniB	Table-10-snp	1	0	0	1	1
INH	SNP_CN_409716_C355T_L119F_iniB	Table-10-snp	1	0	0	1	1
INH	SNP_CN_409702_A341G_Q114R_iniB	Table-10-snp	0	4	0	4	4
INH	SNP_CN_2726656_G464A_G155E_ahpC	Table-10-snp	0	1	0	1	1
INH	SNP_CN_2726580_G388A_V130M_ahpC	Table-10-snp	3	1	0	4	4
INH	SNP_CN_2726556_G364A_A122T_ahpC	Table-10-snp	1	1	0	2	2
INH	SNP_CN_2519024_G910A_D304N_kasA	Table-10-snp	0	1	0	1	1
INH	SNP_CN_2518980_G866C_R289T_kasA	Table-10-snp	1	0	0	1	1
INH	SNP_CN_2518871_C757T_H253Y_kasA	Table-10-snp	2	0	0	2	2
INH	SNP_CN_2518863_C749A_T250K_kasA	Table-10-snp	1	0	0	1	1
INH	SNP_CN_2518770_G656A_R219H_kasA	Table-10-snp	2	0	0	2	2
INH	SNP_CN_2518769_C655T_R219C_kasA	Table-10-snp	0	1	0	1	1
INH	SNP_CN_2518752_T638C_M213T_kasA	Table-10-snp	0	1	0	1	1
INH	SNP_CN_2518695_T581C_V194A_kasA	Table-10-snp	0	2	0	2	2
INH	SNP_CN_2518650_C536G_A179G_kasA	Table-10-snp	0	1	0	1	1
INH	SNP_CN_2518617_T503G_V168G_kasA	Table-10-snp	1	0	0	1	1
INH	SNP_CN_2518595_C481A_R161S_kasA	Table-10-snp	1	0	0	1	1
INH	SNP_CN_2518538_G424A_V142I_kasA	Table-10-snp	2	2	0	4	4
INH	SNP_CN_2518535_G421A_A141T_kasA	Table-10-snp	1	0	0	1	1
INH	SNP_CN_2518409_G295C_G99R_kasA	Table-10-snp	0	1	0	1	1
INH	SNP_CN_2518370_A256G_M86V_kasA	Table-10-snp	0	1	0	1	1
INH	SNP_CN_2518330_G216A_M72I_kasA	Table-10-snp	0	1	0	1	1
INH	SNP_CN_2518326_A212G_H71R_kasA	Table-10-snp	0	2	0	2	2
INH	SNP_CN_2518323_G209A_S70N_kasA	Table-10-snp	0	1	0	1	1
INH	SNP_CN_2518292_A178G_I60V_kasA	Table-10-snp	2	0	0	2	2
INH	SNP_CN_2518291_G177C_K59N_kasA	Table-10-snp	0	1	0	1	1
INH	SNP_CN_2519001_A887G_E296G_kasA	Table-10-snp	0	1	0	1	1
INH	SNP_CN_2519025_A911C_D304A_kasA	Table-10-snp	1	0	0	1	1
INH	SNP_CN_2726515_T323C_F108S_ahpC	Table-10-snp	2	0	0	2	2
INH	SNP_CN_2519099_G985A_A329T_kasA	Table-10-snp	1	0	0	1	1
INH	SNP_CN_2726506_C314T_T105M_ahpC	Table-10-snp	0	1	0	1	1
INH	SNP_CN_2726480_G288T_W96C_ahpC	Table-10-snp	1	0	0	1	1
INH	SNP_CN_2726478_T286C_W96R_ahpC	Table-10-snp	1	0	0	1	1
INH	SNP_CN_2726418_G226A_E76K_ahpC	Table-10-snp	1	1	0	2	2
INH	SNP_CN_2726409_G217C_D73H_ahpC	Table-10-snp	33	1	0	34	34
INH	SNP_CN_2726377_C185A_P62H_ahpC	Table-10-snp	0	1	0	1	1
INH	SNP_CN_2726325_G133A_G45S_ahpC	Table-10-snp	0	1	0	1	1
INH	SNP_CN_2726313_G121A_D41N_ahpC	Table-10-snp	0	2	0	2	2
INH	SNP_CN_2726293_A101G_Y34C_ahpC	Table-10-snp	1	3	0	4	4
INH	SNP_CN_2726287_G95A_G32D_ahpC	Table-10-snp	5	1	0	6	6
INH	SNP_CN_2726286_G94A_G32S_ahpC	Table-10-snp	2	1	0	3	3
INH	SNP_CN_2726206_C14T_T5I_ahpC	Table-10-snp	0	1	0	1	1
INH	SNP_CN_2519353_C1239A_F413L_kasA	Table-10-snp	0	2	0	2	2
INH	SNP_CN_2519320_C1206A_F402L_kasA	Table-10-snp	0	2	0	2	2
INH	SNP_CN_2519291_G1177T_D393Y_kasA	Table-10-snp	0	3	0	3	3
INH	SNP_CN_2519291_G1177A_D393N_kasA	Table-10-snp	0	1	0	1	1
INH	SNP_CN_2519279_C1165T_P389S_kasA	Table-10-snp	1	0	0	1	1
INH	SNP_CN_2519117_G1003A_A335T_kasA	Table-10-snp	1	0	0	1	1
INH	SNP_CN_2519100_C986T_A329V_kasA	Table-10-snp	0	2	0	2	2
INH	SNP_CN_410025_G664A_A222T_iniB	Table-10-snp	1	0	0	1	1
INH	SNP_CN_2726664_G472T_V158F_ahpC	Table-10-snp	0	2	0	2	2
INH	SNP_CN_410083_G722A_G241E_iniB	Table-10-snp	1	1	0	2	2
INH	SNP_CN_4247136_C623T_T208I_embB	Table-10-snp	0	1	0	1	1
INH	SNP_CN_4247121_C608T_S203L_embB	Table-10-snp	1	21	0	22	22
INH	SNP_CN_4247076_T563C_V188A_embB	Table-10-snp	0	1	0	1	1
INH	SNP_CN_4247070_T557C_V186A_embB	Table-10-snp	1	0	0	1	1
INH	SNP_CN_4247057_C544T_R182C_embB	Table-10-snp	0	1	0	1	1
INH	SNP_CN_4247013_C500G_P167R_embB	Table-10-snp	1	0	0	1	1
INH	SNP_CN_4247008_G495C_K165N_embB	Table-10-snp	2	0	0	2	2
INH	SNP_CN_4246996_C483A_F161L_embB	Table-10-snp	0	1	0	1	1
INH	SNP_CN_4246979_G466T_G156C_embB	Table-10-snp	16	21	0	37	37
INH	SNP_CN_4246959_A446C_E149A_embB	Table-10-snp	0	1	0	1	1
INH	SNP_CN_4246952_C439T_R147C_embB	Table-10-snp	1	0	0	1	1
INH	SNP_CN_4246941_C428T_P143L_embB	Table-10-snp	0	7	0	7	7
INH	SNP_CN_4246916_G403A_V135M_embB	Table-10-snp	0	1	0	1	1
INH	SNP_CN_4246904_G391A_V131M_embB	Table-10-snp	4	5	0	9	9
INH	SNP_CN_4246869_G356A_S119N_embB	Table-10-snp	0	3	0	3	3
INH	SNP_CN_4246833_A320G_K107R_embB	Table-10-snp	0	1	0	1	1
INH	SNP_CN_4246820_C307A_P103T_embB	Table-10-snp	0	3	0	3	3
INH	SNP_CN_4246811_G298A_G100S_embB	Table-10-snp	2	0	0	2	2
INH	SNP_CN_4246791_C278T_P93L_embB	Table-10-snp	1	1	0	2	2
INH	SNP_CN_4246786_G273T_M91I_embB	Table-10-snp	0	1	0	1	1
INH	SNP_CN_4247126_A613G_T205A_embB	Table-10-snp	0	13	0	13	13
INH	SNP_CN_4247174_G661A_A221T_embB	Table-10-snp	0	1	0	1	1
INH	SNP_CN_4246761_T248C_V83A_embB	Table-10-snp	0	1	0	1	1
INH	SNP_CN_4247196_C683T_A228V_embB	Table-10-snp	1	0	0	1	1
INH	SNP_CN_410106_A745C_S249R_iniB	Table-10-snp	1	0	0	1	1
INH	SNP_CN_4247429_A916T_M306L_embB	AJRCCM/Table-10-snp	2	0	0	2	2
INH	SNP_CN_4247429_A916G_M306V_embB	AJRCCM/Table-10-snp	612	115	0	727	727
INH	SNP_CN_4247429_A916C_M306L_embB	AJRCCM/Table-10-snp	22	6	0	28	28
INH	SNP_CN_4247426_G913T_G305C_embB	Table-10-snp	0	1	0	1	1
INH	SNP_CN_4247412_A899G_D300G_embB	Table-10-snp	2	0	0	2	2
INH	SNP_CN_4247402_T889G_S297A_embB	AJRCCM/Table-10-snp	13	19	0	32	32
INH	SNP_CN_4247399_A886C_N296H_embB	Table-10-snp	21	3	0	24	24
INH	SNP_CN_4247368_C855A_F285L_embB	Table-10-snp	0	2	0	2	2
INH	SNP_CN_4247360_G847A_V283M_embB	Table-10-snp	0	1	0	1	1
INH	SNP_CN_4247358_T845C_V282A_embB	Table-10-snp	1	0	0	1	1
INH	SNP_CN_4247331_G818T_W273L_embB	Table-10-snp	0	1	0	1	1
INH	SNP_CN_4247300_G787C_G263R_embB	Table-10-snp	0	1	0	1	1
INH	SNP_CN_4247289_C776T_A259V_embB	Table-10-snp	0	1	0	1	1
INH	SNP_CN_4247270_C757A_L253I_embB	Table-10-snp	0	2	0	2	2
INH	SNP_CN_4247249_G736C_G246R_embB	Table-10-snp	0	3	0	3	3
INH	SNP_CN_4247207_G694C_A232P_embB	Table-10-snp	0	1	0	1	1
INH	SNP_CN_4247204_G691A_V231I_embB	Table-10-snp	0	1	0	1	1
INH	SNP_CN_4247202_T689C_V230A_embB	Table-10-snp	0	1	0	1	1
INH	SNP_CN_4246769_G256A_D86N_embB	Table-10-snp	0	1	0	1	1
INH	SNP_CN_4247097_C584A_P195H_embB	Table-10-snp	0	1	0	1	1
INH	SNP_CN_4246747_C234A_D78E_embB	Table-10-snp	0	1	0	1	1
INH	SNP_CN_410482_T1121C_V374A_iniB	Table-10-snp	0	2	0	2	2
INH	SNP_CN_410643_G1282T_V428F_iniB	Table-10-snp	0	1	0	1	1
INH	SNP_CN_410617_C1256A_T419N_iniB	Table-10-snp	0	1	0	1	1
INH	SNP_CN_410611_C1250G_P417R_iniB	Table-10-snp	0	1	0	1	1
INH	SNP_CN_410598_G1237A_A413T_iniB	Table-10-snp	0	1	0	1	1
INH	SNP_CN_410587_C1226T_P409L_iniB	Table-10-snp	0	1	0	1	1
INH	SNP_CN_410563_C1202T_P401L_iniB	Table-10-snp	0	1	0	1	1
INH	SNP_CN_410560_A1199C_N400T_iniB	Table-10-snp	0	3	0	3	3
INH	SNP_CN_410533_G1172A_G391D_iniB	Table-10-snp	0	1	0	1	1
INH	SNP_CN_410518_G1157A_G386D_iniB	Table-10-snp	1	0	0	1	1
INH	SNP_CN_410476_C1115G_A372G_iniB	Table-10-snp	0	3	0	3	3
INH	SNP_CN_410684_C1323A_H441Q_iniB	Table-10-snp	0	1	0	1	1
INH	SNP_CN_410459_T1098G_S366R_iniB	Table-10-snp	1	3	0	4	4
INH	SNP_CN_410431_T1070G_L357R_iniB	Table-10-snp	1	0	0	1	1
INH	SNP_CN_410392_C1031A_A344E_iniB	Table-10-snp	0	1	0	1	1
INH	SNP_CN_410367_G1006A_G336R_iniB	Table-10-snp	0	1	0	1	1
INH	SNP_CN_410280_T919G_L307V_iniB	Table-10-snp	2	3	0	5	5
INH	SNP_CN_410265_G904A_A302T_iniB	Table-10-snp	0	1	0	1	1
INH	SNP_CN_410260_G899A_G300D_iniB	Table-10-snp	0	1	0	1	1
INH	SNP_CN_4246746_A233G_D78G_embB	Table-10-snp	0	3	0	3	3
INH	SNP_CN_410140_T779C_L260S_iniB	Table-10-snp	0	3	0	3	3
INH	SNP_CN_410653_C1292G_P431R_iniB	Table-10-snp	0	1	0	1	1
INH	SNP_CN_410250_G889A_G297S_iniB	Table-10-snp	0	1	0	1	1
INH	SNP_CN_410694_C1333T_P445S_iniB	Table-10-snp	0	1	0	1	1
INH	SNP_CN_4246662_T149C_V50A_embB	Table-10-snp	2	0	0	2	2
INH	SNP_CN_410769_T1408C_S470P_iniB	Table-10-snp	0	1	0	1	1
INH	SNP_CN_4246734_T221G_L74R_embB	Table-10-snp	17	1	0	18	18
INH	SNP_CN_4246734_T221C_L74P_embB	Table-10-snp	5	0	0	5	5
INH	SNP_CN_4246728_T215G_I72S_embB	Table-10-snp	2	0	0	2	2
INH	SNP_CN_4246727_A214C_I72L_embB	Table-10-snp	2	0	0	2	2
INH	SNP_CN_4246712_G199T_V67L_embB	Table-10-snp	0	1	0	1	1
INH	SNP_CN_4246697_G184C_G62R_embB	Table-10-snp	0	1	0	1	1
INH	SNP_CN_4246688_C175A_P59T_embB	Table-10-snp	0	1	0	1	1
INH	SNP_CN_4246665_A152C_Q51P_embB	Table-10-snp	0	1	0	1	1
INH	SNP_CN_4247431_G918A_M306I_embB	AJRCCM/Table-10-snp	334	71	0	405	405
INH	SNP_CN_4246622_G109A_G37S_embB	Table-10-snp	1	2	0	3	3
INH	SNP_CN_4246559_A46C_I16L_embB	Table-10-snp	0	2	0	2	2
INH	SNP_CN_4246554_G41A_R14Q_embB	Table-10-snp	0	2	0	2	2
INH	SNP_CN_4246551_A38G_N13S_embB	Table-10-snp	5	16	0	21	21
INH	SNP_CN_4246533_G20C_R7T_embB	Table-10-snp	0	2	0	2	2
INH	SNP_CN_4246520_C7G_Q3E_embB	Table-10-snp	0	1	0	1	1
INH	SNP_CN_410778_C1417T_L473F_iniB	Table-10-snp	0	1	0	1	1
INH	SNP_CN_4246583_C70T_R24C_embB	Table-10-snp	1	0	0	1	1
FLQ	SNP_CN_6734_A1612G_N538D_gyrB	AJRCCM/Table-10-snp	2	0	0	2	2
FLQ	SNP_CN_6695_A1573C_I525L_gyrB	Table-10-snp	0	1	0	1	1
FLQ	SNP_CN_6713_C1591A_R531S_gyrB	Table-10-snp	0	1	0	1	1
FLQ	SNP_CN_6717_T1595C_I532T_gyrB	Table-10-snp	0	1	0	1	1
FLQ	SNP_CN_6735_A1613G_N538S_gyrB	AJRCCM/Table-10-snp	0	3	0	3	3
FLQ	SNP_CN_6734_A1612T_N538Y_gyrB	AJRCCM/Table-10-snp	1	0	0	1	1
FLQ	SNP_CN_6735_A1613C_N538T_gyrB	AJRCCM/Table-10-snp	2	1	0	3	3
FLQ	SNP_CN_6639_C1517T_A506V_gyrB	Table-10-snp	1	0	0	1	1
FLQ	SNP_CN_6736_C1614A_N538K_gyrB	AJRCCM/Table-10-snp	0	1	0	1	1
FLQ	SNP_CN_6662_T1540G_F514V_gyrB	IGNORE	0	2	0	2	2
FLQ	SNP_CN_6608_G1486C_V496L_gyrB	Table-10-snp	7	3	0	10	10
FLQ	SNP_CN_6620_G1498C_D500H_gyrB	Table-10-snp	3	0	0	3	3
FLQ	SNP_CN_6620_G1498A_D500N_gyrB	Table-10-snp	4	2	0	6	6
FLQ	SNP_CN_6737_A1615G_T539A_gyrB	Table-10-snp	1	0	0	1	1
FLQ	SNP_CN_6579_C1457T_S486F_gyrB	Table-10-snp	3	2	0	5	5
FLQ	SNP_CN_6579_C1457A_S486Y_gyrB	Table-10-snp	1	0	0	1	1
FLQ	SNP_CN_6576_G1454A_R485H_gyrB	Table-10-snp	0	1	0	1	1
FLQ	SNP_CN_6575_C1453T_R485C_gyrB	Table-10-snp	1	4	0	5	5
FLQ	SNP_CN_6540_A1418G_D473G_gyrB	IGNORE	0	1	0	1	1
FLQ	SNP_CN_6534_C1412T_A471V_gyrB	Table-10-snp	1	0	0	1	1
FLQ	SNP_CN_6518_G1396A_V466M_gyrB	Table-10-snp	0	1	0	1	1
FLQ	SNP_CN_6737_A1615C_T539P_gyrB	Table-10-snp	2	0	0	2	2
FLQ	SNP_CN_6742_A1620C_E540D_gyrB	IGNORE	0	2	0	2	2
FLQ	SNP_CN_6738_C1616A_T539N_gyrB	Table-10-snp	2	0	0	2	2
FLQ	SNP_CN_6738_C1616T_T539I_gyrB	Table-10-snp	1	0	0	1	1
FLQ	SNP_CN_7158_A2036C_D679A_gyrB	Table-10-snp	0	1	0	1	1
FLQ	SNP_CN_7127_G2005A_V669I_gyrB	Table-10-snp	0	1	0	1	1
FLQ	SNP_CN_7085_A1963G_M655V_gyrB	Table-10-snp	0	2	0	2	2
FLQ	SNP_CN_7058_A1936G_I646V_gyrB	IGNORE	0	2	0	2	2
FLQ	SNP_CN_7055_G1933A_G645S_gyrB	Table-10-snp	0	1	0	1	1
FLQ	SNP_CN_7019_G1897C_G633R_gyrB	IGNORE	0	1	0	1	1
FLQ	SNP_CN_6998_C1876G_R626G_gyrB	Table-10-snp	0	1	0	1	1
FLQ	SNP_CN_6965_A1843G_S615G_gyrB	IGNORE	0	1	0	1	1
FLQ	SNP_CN_6963_G1841A_R614H_gyrB	Table-10-snp	0	1	0	1	1
FLQ	SNP_CN_6921_T1799C_V600A_gyrB	Table-10-snp	1	0	0	1	1
FLQ	SNP_CN_6815_A1693C_K565Q_gyrB	Table-10-snp	0	2	0	2	2
FLQ	SNP_CN_6815_A1693C_K565Q_gyrB	IGNORE	0	1	0	1	1
FLQ	SNP_CN_6507_C1385T_A462V_gyrB	Table-10-snp	0	1	0	1	1
FLQ	SNP_CN_6773_G1651A_G551R_gyrB	Table-10-snp	0	1	0	1	1
FLQ	SNP_CN_6750_C1628T_A543V_gyrB	Table-10-snp	2	2	0	4	4
FLQ	SNP_CN_6749_G1627A_A543T_gyrB	Table-10-snp	1	3	0	4	4
FLQ	SNP_CN_6742_A1620T_E540D_gyrB	Table-10-snp	3	1	0	4	4
FLQ	SNP_CN_6742_A1620C_E540D_gyrB	Table-10-snp	4	2	0	6	6
FLQ	SNP_CN_6741_A1619T_E540V_gyrB	Table-10-snp	0	1	0	1	1
FLQ	SNP_CN_6802_G1680C_K560N_gyrB	Table-10-snp	0	1	0	1	1
FLQ	INS_CF_5181_i58GC_20C_gyrB	Table-10-snp	0	1	0	1	1
FLQ	SNP_CN_6501_G1379A_R460H_gyrB	Table-10-snp	0	1	0	1	1
FLQ	SNP_CN_5239_C117G_I39M_gyrB	IGNORE	0	3	0	3	3
FLQ	SNP_CN_5706_T584G_L195R_gyrB	Table-10-snp	0	1	0	1	1
FLQ	SNP_CN_5530_C408G_D136E_gyrB	Table-10-snp	0	1	0	1	1
FLQ	SNP_CN_5520_C398T_P133L_gyrB	Table-10-snp	6	19	0	25	25
FLQ	SNP_CN_5520_C398T_P133L_gyrB	IGNORE	0	62	0	62	62
FLQ	SNP_CN_5516_A394G_I132V_gyrB	Table-10-snp	0	1	0	1	1
FLQ	SNP_CN_5472_C350A_A117D_gyrB	IGNORE	0	1	0	1	1
FLQ	SNP_CN_5447_C325T_L109F_gyrB	IGNORE	0	1	0	1	1
FLQ	SNP_CN_5413_G291A_M97I_gyrB	Table-10-snp	0	2	0	2	2
FLQ	SNP_CN_5300_G178A_E60K_gyrB	Table-10-snp	0	1	0	1	1
FLQ	SNP_CN_5237_A115G_I39V_gyrB	Table-10-snp	1	0	0	1	1
FLQ	SNP_CN_6438_C1316G_P439R_gyrB	Table-10-snp	3	0	0	3	3
FLQ	SNP_CN_5186_C64T_P22S_gyrB	IGNORE	0	1	0	1	1
FLQ	SNP_CN_5182_C60G_C20W_gyrB	Table-10-snp	0	1	0	1	1
FLQ	SNP_CN_5162_G40A_D14N_gyrB	Table-10-snp	0	2	0	2	2
FLQ	SNP_CN_5145_G23C_R8T_gyrB	IGNORE	0	1	0	1	1
FLQ	SNP_CN_5133_A11C_N4T_gyrB	Table-10-snp	0	2	0	2	2
FLQ	INS_CI_8774_i1472CGA_491G_gyrA	IGNORE	0	1	0	1	1
FLQ	INS_CF_5181_i58G_20W_gyrB	Table-10-snp	1	0	0	1	1
FLQ	SNP_CN_7221_G2099C_S700T_gyrB	IGNORE	0	9	0	9	9
FLQ	DEL_CD_7159_d2036CGC_679_gyrB	Table-10-snp	3	2	0	5	5
FLQ	SNP_CN_5723_G601T_A201S_gyrB	Table-10-snp	0	1	0	1	1
FLQ	SNP_CN_5800_C678A_F226L_gyrB	IGNORE	0	1	0	1	1
FLQ	SNP_CN_5849_C727A_L243M_gyrB	Table-10-snp	0	4	0	4	4
FLQ	SNP_CN_5856_T734G_I245S_gyrB	Table-10-snp	0	1	0	1	1
FLQ	SNP_CN_6438_C1316G_P439R_gyrB	IGNORE	0	1	0	1	1
FLQ	SNP_CN_6432_C1310T_A437V_gyrB	Table-10-snp	0	1	0	1	1
FLQ	SNP_CN_6432_C1310T_A437V_gyrB	IGNORE	0	2	0	2	2
FLQ	SNP_CN_6417_C1295G_T432S_gyrB	Table-10-snp	0	1	0	1	1
FLQ	SNP_CN_6265_C1143G_D381E_gyrB	Table-10-snp	0	1	0	1	1
FLQ	SNP_CN_6240_A1118G_D373G_gyrB	Table-10-snp	0	1	0	1	1
FLQ	SNP_CN_6170_C1048T_H350Y_gyrB	Table-10-snp	1	0	0	1	1
FLQ	SNP_CN_6144_A1022G_H341R_gyrB	Table-10-snp	0	3	0	3	3
FLQ	SNP_CN_6140_G1018T_V340L_gyrB	Table-10-snp	19	32	0	51	51
FLQ	SNP_CN_6140_G1018T_V340L_gyrB	IGNORE	0	31	0	31	31
FLQ	SNP_CN_6134_G1012C_E338Q_gyrB	Table-10-snp	1	0	0	1	1
FLQ	SNP_CN_6134_G1012C_E338Q_gyrB	IGNORE	0	1	0	1	1
FLQ	SNP_CN_6066_T944C_V315A_gyrB	Table-10-snp	1	0	0	1	1
FLQ	SNP_CN_6059_A937G_S313G_gyrB	Table-10-snp	0	1	0	1	1
FLQ	SNP_CN_6052_T930G_I310M_gyrB	Table-10-snp	5	33	0	38	38
FLQ	SNP_CN_6052_T930G_I310M_gyrB	IGNORE	0	9	0	9	9
FLQ	SNP_CN_6016_C894G_D298E_gyrB	Table-10-snp	0	1	0	1	1
FLQ	SNP_CN_5993_C871T_H291Y_gyrB	Table-10-snp	0	1	0	1	1
FLQ	SNP_CN_5879_A757C_T253P_gyrB	Table-10-snp	0	1	0	1	1
FLQ	SNP_CN_7170_C2048A_A683D_gyrB	Table-10-snp	0	2	0	2	2
FLQ	SNP_CN_8353_G1052C_G351A_gyrA	IGNORE	0	1	0	1	1
FLQ	SNP_CN_7221_G2099C_S700T_gyrB	Table-10-snp	5	33	0	38	38
FLQ	SNP_CN_9114_G1813A_E605K_gyrA	IGNORE	0	1	0	1	1
FLQ	SNP_CN_9034_G1733A_R578Q_gyrA	Table-10-snp	1	4	0	5	5
FLQ	SNP_CN_8806_A1505C_D502A_gyrA	IGNORE	0	1	0	1	1
FLQ	SNP_CN_8715_C1414T_P472S_gyrA	Table-10-snp	1	5	0	6	6
FLQ	SNP_CN_8703_A1402G_I468V_gyrA	IGNORE	0	1	0	1	1
FLQ	SNP_CN_8688_G1387T_A463S_gyrA	Table-10-snp	1	8	0	9	9
FLQ	SNP_CN_8688_G1387T_A463S_gyrA	IGNORE	0	3	0	3	3
FLQ	SNP_CN_8685_A1384G_I462V_gyrA	IGNORE	0	2	0	2	2
FLQ	SNP_CN_8668_C1367T_A456V_gyrA	Table-10-snp	0	2	0	2	2
FLQ	SNP_CN_8668_C1367G_A456G_gyrA	Table-10-snp	0	1	0	1	1
FLQ	SNP_CN_8644_G1343A_R448H_gyrA	IGNORE	0	1	0	1	1
FLQ	SNP_CN_8615_G1314C_M438I_gyrA	Table-10-snp	0	1	0	1	1
FLQ	SNP_CN_8596_C1295T_A432V_gyrA	IGNORE	0	1	0	1	1
FLQ	SNP_CN_8532_T1231G_S411A_gyrA	Table-10-snp	0	1	0	1	1
FLQ	SNP_CN_8532_T1231G_S411A_gyrA	IGNORE	0	1	0	1	1
FLQ	SNP_CN_8517_G1216C_A406P_gyrA	Table-10-snp	0	2	0	2	2
FLQ	SNP_CN_8475_C1174T_R392C_gyrA	Table-10-snp	2	0	0	2	2
FLQ	SNP_CN_8446_G1145T_R382L_gyrA	Table-10-snp	1	1	0	2	2
FLQ	SNP_CN_8416_T1115C_V372A_gyrA	IGNORE	0	1	0	1	1
FLQ	SNP_CN_8373_C1072A_L358M_gyrA	Table-10-snp	0	3	0	3	3
FLQ	SNP_CN_9075_C1774A_R592S_gyrA	Table-10-snp	1	0	0	1	1
FLQ	SNP_CN_9121_G1820A_R607H_gyrA	Table-10-snp	0	1	0	1	1
FLQ	SNP_CN_8257_A956C_K319T_gyrA	Table-10-snp	1	0	0	1	1
FLQ	SNP_CN_9138_C1837G_Q613E_gyrA	IGNORE	0	20	0	20	20
FLQ	SNP_CN_7314_A13G_T5A_gyrA	Table-10-snp	0	1	0	1	1
FLQ	SNP_CN_9808_C2507T_T836M_gyrA	Table-10-snp	0	1	0	1	1
FLQ	SNP_CN_9808_C2507G_T836R_gyrA	Table-10-snp	1	1	0	2	2
FLQ	SNP_CN_9808_C2507A_T836K_gyrA	IGNORE	0	2	0	2	2
FLQ	SNP_CN_9796_G2495C_G832A_gyrA	IGNORE	0	1	0	1	1
FLQ	SNP_CN_9792_A2491G_N831D_gyrA	Table-10-snp	0	1	0	1	1
FLQ	SNP_CN_9761_A2460C_E820D_gyrA	IGNORE	0	1	0	1	1
FLQ	SNP_CN_9753_A2452G_N818D_gyrA	Table-10-snp	0	3	0	3	3
FLQ	SNP_CN_9753_A2452G_N818D_gyrA	IGNORE	0	1	0	1	1
FLQ	SNP_CN_9741_G2440A_A814T_gyrA	Table-10-snp	2	0	0	2	2
FLQ	SNP_CN_9669_C2368G_Q790E_gyrA	Table-10-snp	0	1	0	1	1
FLQ	SNP_CN_9486_G2185C_G729R_gyrA	Table-10-snp	0	1	0	1	1
FLQ	SNP_CN_9466_A2165G_Y722C_gyrA	Table-10-snp	0	1	0	1	1
FLQ	SNP_CN_9432_C2131A_L711M_gyrA	IGNORE	0	1	0	1	1
FLQ	SNP_CN_9328_C2027T_A676V_gyrA	IGNORE	0	1	0	1	1
FLQ	SNP_CN_9289_T1988C_V663A_gyrA	Table-10-snp	0	1	0	1	1
FLQ	SNP_CN_9224_C1923G_D641E_gyrA	Table-10-snp	3	0	0	3	3
FLQ	SNP_CN_9217_A1916C_D639A_gyrA	Table-10-snp	0	2	0	2	2
FLQ	SNP_CN_9138_C1837G_Q613E_gyrA	Table-10-snp	3	12	0	15	15
FLQ	SNP_CN_8364_A1063G_T355A_gyrA	Table-10-snp	0	1	0	1	1
FLQ	SNP_CN_9788_C2487G_D829E_gyrA	Table-10-snp	1	1	0	2	2
FLQ	SNP_CN_8188_T887C_L296P_gyrA	Table-10-snp	0	2	0	2	2
FLQ	SNP_CN_7668_C367G_P123A_gyrA	Table-10-snp	0	1	0	1	1
FLQ	SNP_CN_7615_T314G_L105R_gyrA	Table-10-snp	1	1	0	2	2
FLQ	SNP_CN_7582_A281G_D94G_gyrA	IGNORE	0	1	0	1	1
FLQ	SNP_CN_7582_A281G_D94G_gyrA	AJRCCM/Table-10-snp	187	26	0	213	213
FLQ	SNP_CN_7582_A281C_D94A_gyrA	AJRCCM/Table-10-snp	50	24	0	74	74
FLQ	SNP_CN_7581_G280T_D94Y_gyrA	IGNORE	0	1	0	1	1
FLQ	SNP_CN_7581_G280T_D94Y_gyrA	AJRCCM/Table-10-snp	23	2	0	25	25
FLQ	SNP_CN_7581_G280C_D94H_gyrA	AJRCCM/Table-10-snp	7	4	0	11	11
FLQ	SNP_CN_7581_G280A_D94N_gyrA	AJRCCM/Table-10-snp	27	5	0	32	32
FLQ	SNP_CN_7572_T271C_S91P_gyrA	AJRCCM/Table-10-snp	31	9	0	40	40
FLQ	SNP_CN_7570_C269T_A90V_gyrA	AJRCCM/Table-10-snp	104	77	0	181	181
FLQ	SNP_CN_7570_C269G_A90G_gyrA	AJRCCM/Table-10-snp	1	1	0	2	2
FLQ	SNP_CN_7566_G265A_D89N_gyrA	AJRCCM/Table-10-snp	3	1	0	4	4
FLQ	SNP_CN_7564_G263C_G88A_gyrA	AJRCCM/Table-10-snp	1	2	0	3	3
FLQ	SNP_CN_7563_G262T_G88C_gyrA	AJRCCM/Table-10-snp	4	0	0	4	4
FLQ	SNP_CN_7550_C249G_N83K_gyrA	Table-10-snp	0	2	0	2	2
FLQ	SNP_CN_7493_C192G_F64L_gyrA	Table-10-snp	0	1	0	1	1
FLQ	SNP_CN_7366_A65G_Q22R_gyrA	IGNORE	0	1	0	1	1
FLQ	SNP_CN_8175_C874G_R292G_gyrA	Table-10-snp	1	1	0	2	2
FLQ	SNP_CN_7323_C22G_P8A_gyrA	Table-10-snp	0	5	0	5	5
FLQ	SNP_CN_7632_G331A_D111N_gyrA	Table-10-snp	1	0	0	1	1
FLQ	SNP_CN_7521_G220T_A74S_gyrA	Table-10-snp	4	1	0	5	5
FLQ	SNP_CN_7684_G383A_R128K_gyrA	Table-10-snp	1	0	0	1	1
FLQ	SNP_CN_8017_G716A_G239D_gyrA	Table-10-snp	0	1	0	1	1
FLQ	SNP_CN_7705_C404G_T135S_gyrA	IGNORE	0	1	0	1	1
FLQ	SNP_CN_8172_G871C_V291L_gyrA	Table-10-snp	3	0	0	3	3
FLQ	SNP_CN_8147_C846G_N282K_gyrA	Table-10-snp	1	0	0	1	1
FLQ	SNP_CN_8101_C800T_T267I_gyrA	Table-10-snp	3	13	0	16	16
FLQ	SNP_CN_8061_C760T_R254C_gyrA	Table-10-snp	0	4	0	4	4
FLQ	SNP_CN_8061_C760T_R254C_gyrA	IGNORE	0	2	0	2	2
FLQ	SNP_CN_8056_G755T_R252L_gyrA	Table-10-snp	0	9	0	9	9
FLQ	SNP_CN_8049_T748G_S250A_gyrA	IGNORE	0	1	0	1	1
FLQ	SNP_CN_8116_C815T_T272I_gyrA	Table-10-snp	0	1	0	1	1
FLQ	SNP_CN_7983_T682C_F228L_gyrA	Table-10-snp	0	1	0	1	1
FLQ	SNP_CN_7879_A578G_N193S_gyrA	Table-10-snp	0	4	0	4	4
FLQ	SNP_CN_7705_C404G_T135S_gyrA	Table-10-snp	1	0	0	1	1
FLQ	SNP_CN_7965_C664T_R222W_gyrA	Table-10-snp	1	0	0	1	1
FLQ	SNP_CN_7717_T416C_M139T_gyrA	IGNORE	0	1	0	1	1
FLQ	SNP_CN_7758_A457G_I153V_gyrA	IGNORE	0	1	0	1	1
FLQ	SNP_CN_8164_C863A_A288D_gyrA	Table-10-snp	2	2	0	4	4
FLQ	SNP_CN_7917_G616C_E206Q_gyrA	Table-10-snp	0	1	0	1	1
FLQ	SNP_CN_7943_G642T_E214D_gyrA	Table-10-snp	0	1	0	1	1
FLQ	SNP_CN_7960_T659G_M220R_gyrA	Table-10-snp	2	0	0	2	2
EMB	SNP_CN_4242588_G2726A_G909E_embC	Table-10-snp	0	1	0	1	1
EMB	SNP_CN_4242668_A2806G_I936V_embC	Table-10-snp	0	1	0	1	1
EMB	SNP_CN_4242921_C3059T_A1020V_embC	IGNORE	0	3	0	3	3
EMB	SNP_CN_4242893_A3031G_I1011V_embC	Table-10-snp	1	0	0	1	1
EMB	SNP_CN_4242806_T2944A_F982I_embC	Table-10-snp	0	7	0	7	7
EMB	SNP_CN_4242782_G2920T_V974L_embC	Table-10-snp	1	0	0	1	1
EMB	SNP_CN_4242704_G2842A_D948N_embC	Table-10-snp	0	2	0	2	2
EMB	SNP_CN_4242683_A2821G_T941A_embC	Table-10-snp	0	3	0	3	3
EMB	SNP_CN_4242680_G2818T_A940S_embC	Table-10-snp	0	1	0	1	1
EMB	SNP_CN_4242653_G2791A_A931T_embC	Table-10-snp	0	1	0	1	1
EMB	SNP_CN_4242951_G3089C_G1030A_embC	Table-10-snp	0	1	0	1	1
EMB	SNP_CN_4242642_G2780A_R927H_embC	Table-10-snp	0	1	0	1	1
EMB	SNP_CN_4242636_C2774T_A925V_embC	Table-10-snp	1	0	0	1	1
EMB	SNP_CN_4242624_G2762A_G921D_embC	Table-10-snp	0	2	0	2	2
EMB	SNP_CN_4242595_C2733A_H911Q_embC	IGNORE	0	1	0	1	1
EMB	SNP_CN_4242590_C2728A_H910N_embC	IGNORE	0	1	0	1	1
EMB	SNP_CN_4242584_G2722A_A908T_embC	Table-10-snp	0	1	0	1	1
EMB	SNP_CN_4242635_G2773A_A925T_embC	IGNORE	0	1	0	1	1
EMB	SNP_CN_4243056_C3194T_P1065L_embC	IGNORE	0	1	0	1	1
EMB	SNP_CN_4242981_T3119C_M1040T_embC	Table-10-snp	0	2	0	2	2
EMB	SNP_CN_4243097_A3235G_T1079A_embC	IGNORE	0	2	0	2	2
EMB	SNP_CN_4243290_T58C_S20P_embA	Table-10-snp	0	1	0	1	1
EMB	SNP_CN_4242515_G2653A_V885M_embC	Table-10-snp	0	1	0	1	1
EMB	SNP_CN_4243287_G55A_V19I_embA	IGNORE	0	1	0	1	1
EMB	SNP_CN_4243251_G19A_E7K_embA	IGNORE	0	1	0	1	1
EMB	SNP_CN_4243245_G13C_G5R_embA	Table-10-snp	0	1	0	1	1
EMB	SNP_CN_4243245_G13A_G5S_embA	Table-10-snp	1	1	0	2	2
EMB	SNP_CN_4243242_G10A_D4N_embA	Table-10-snp	1	0	0	1	1
EMB	SNP_CN_4243079_G3217A_A1073T_embC	Table-10-snp	0	1	0	1	1
EMB	SNP_CN_4242992_A3130C_T1044P_embC	Table-10-snp	0	1	0	1	1
EMB	SNP_CN_4243077_C3215T_P1072L_embC	IGNORE	0	2	0	2	2
EMB	SNP_CN_4243045_G3183C_Q1061H_embC	IGNORE	0	2	0	2	2
EMB	SNP_CN_4243017_A3155C_D1052A_embC	Table-10-snp	1	0	0	1	1
EMB	SNP_CN_4243013_G3151A_D1051N_embC	Table-10-snp	0	2	0	2	2
EMB	SNP_CN_4242998_G3136T_A1046S_embC	IGNORE	0	1	0	1	1
EMB	SNP_CN_4242993_C3131T_T1044M_embC	Table-10-snp	0	1	0	1	1
EMB	SNP_CN_4242993_C3131T_T1044M_embC	IGNORE	0	1	0	1	1
EMB	SNP_CN_4242521_G2659A_A887T_embC	Table-10-snp	0	2	0	2	2
EMB	SNP_CN_4242074_C2212T_R738W_embC	IGNORE	0	2	0	2	2
EMB	SNP_CN_4242497_A2635G_R879G_embC	Table-10-snp	3	1	0	4	4
EMB	SNP_CN_4242497_A2635G_R879G_embC	IGNORE	0	1	0	1	1
EMB	SNP_CN_4242052_G2190T_Q730H_embC	IGNORE	0	1	0	1	1
EMB	SNP_CN_4242048_C2186T_S729F_embC	Table-10-snp	1	0	0	1	1
EMB	SNP_CN_4242041_A2179G_M727V_embC	Table-10-snp	0	1	0	1	1
EMB	SNP_CN_4242036_A2174G_Q725R_embC	Table-10-snp	1	0	0	1	1
EMB	SNP_CN_4241996_A2134G_T712A_embC	Table-10-snp	0	1	0	1	1
EMB	SNP_CN_4241993_G2131A_A711T_embC	Table-10-snp	0	1	0	1	1
EMB	SNP_CN_4241945_C2083T_R695W_embC	Table-10-snp	0	1	0	1	1
EMB	SNP_CN_4241922_G2060A_G687E_embC	Table-10-snp	3	2	0	5	5
EMB	SNP_CN_4241903_T2041C_F681L_embC	Table-10-snp	0	2	0	2	2
EMB	SNP_CN_4241843_C1981A_L661I_embC	Table-10-snp	1	22	0	23	23
EMB	SNP_CN_4241830_G1968C_K656N_embC	Table-10-snp	0	1	0	1	1
EMB	SNP_CN_4241830_G1968C_K656N_embC	IGNORE	0	1	0	1	1
EMB	SNP_CN_4241714_A1852C_N618H_embC	Table-10-snp	1	1	0	2	2
EMB	SNP_CN_4241699_A1837G_M613V_embC	Table-10-snp	3	0	0	3	3
EMB	SNP_CN_4241693_G1831A_A611T_embC	Table-10-snp	0	1	0	1	1
EMB	SNP_CN_4241651_G1789A_A597T_embC	Table-10-snp	0	1	0	1	1
EMB	SNP_CN_4243293_G61A_G21R_embA	IGNORE	0	1	0	1	1
EMB	SNP_CN_4242056_C2194G_P732A_embC	Table-10-snp	0	1	0	1	1
EMB	SNP_CN_4242088_G2226C_Q742H_embC	Table-10-snp	0	2	0	2	2
EMB	SNP_CN_4242131_G2269C_V757L_embC	Table-10-snp	0	1	0	1	1
EMB	SNP_CN_4242299_G2437C_G813R_embC	Table-10-snp	1	0	0	1	1
EMB	SNP_CN_4242491_C2629T_R877W_embC	IGNORE	0	5	0	5	5
EMB	SNP_CN_4242451_G2589A_M863I_embC	Table-10-snp	0	1	0	1	1
EMB	SNP_CN_4242444_C2582T_P861L_embC	Table-10-snp	0	2	0	2	2
EMB	SNP_CN_4242431_G2569A_G857S_embC	Table-10-snp	0	1	0	1	1
EMB	SNP_CN_4242431_G2569A_G857S_embC	IGNORE	0	1	0	1	1
EMB	SNP_CN_4242353_G2491A_G831R_embC	IGNORE	0	1	0	1	1
EMB	SNP_CN_4242312_G2450A_G817D_embC	Table-10-snp	0	1	0	1	1
EMB	SNP_CN_4242233_C2371A_P791T_embC	IGNORE	0	2	0	2	2
EMB	SNP_CN_4242153_G2291T_G764V_embC	IGNORE	0	1	0	1	1
EMB	SNP_CN_4242218_A2356G_T786A_embC	Table-10-snp	0	1	0	1	1
EMB	SNP_CN_4242185_G2323A_D775N_embC	Table-10-snp	0	3	0	3	3
EMB	SNP_CN_4242185_G2323A_D775N_embC	IGNORE	0	13	0	13	13
EMB	SNP_CN_4242182_G2320T_A774S_embC	IGNORE	0	30	0	30	30
EMB	SNP_CN_4242182_G2320T_A774S_embC	AJRCCM/Table-10-snp	161	69	0	230	230
EMB	SNP_CN_4242176_C2314G_P772A_embC	IGNORE	0	1	0	1	1
EMB	SNP_CN_4242161_G2299T_A767S_embC	Table-10-snp	0	1	0	1	1
EMB	SNP_CN_4243290_T58G_S20A_embA	Table-10-snp	0	3	0	3	3
EMB	SNP_CN_4244061_C829T_L277F_embA	IGNORE	0	1	0	1	1
EMB	SNP_CN_4243323_G91A_V31I_embA	Table-10-snp	1	11	0	12	12
EMB	SNP_CN_4244019_C787T_L263F_embA	IGNORE	0	1	0	1	1
EMB	SNP_CN_4244223_G991A_A331T_embA	Table-10-snp	2	0	0	2	2
EMB	SNP_CN_4244212_C980T_P327L_embA	Table-10-snp	0	1	0	1	1
EMB	SNP_CN_4244212_C980A_P327H_embA	IGNORE	0	1	0	1	1
EMB	SNP_CN_4244182_T950G_V317G_embA	Table-10-snp	0	1	0	1	1
EMB	SNP_CN_4244173_T941C_L314P_embA	IGNORE	0	2	0	2	2
EMB	SNP_CN_4244167_C935T_A312V_embA	Table-10-snp	0	4	0	4	4
EMB	SNP_CN_4244167_C935T_A312V_embA	IGNORE	0	4	0	4	4
EMB	SNP_CN_4244154_A922G_T308A_embA	Table-10-snp	0	5	0	5	5
EMB	SNP_CN_4244151_T919C_Y307H_embA	Table-10-snp	0	2	0	2	2
EMB	SNP_CN_4244148_T916C_W306R_embA	Table-10-snp	0	1	0	1	1
EMB	SNP_CN_4244148_T916C_W306R_embA	IGNORE	0	2	0	2	2
EMB	SNP_CN_4244143_T911C_F304S_embA	Table-10-snp	1	0	0	1	1
EMB	SNP_CN_4244118_T886C_Y296H_embA	IGNORE	0	16	0	16	16
EMB	SNP_CN_4244103_G871A_A291T_embA	Table-10-snp	0	2	0	2	2
EMB	SNP_CN_4244079_G847C_V283L_embA	IGNORE	0	1	0	1	1
EMB	SNP_CN_4241535_C1673G_P558R_embC	IGNORE	0	2	0	2	2
EMB	SNP_CN_4244040_A808C_T270P_embA	Table-10-snp	0	1	0	1	1
EMB	SNP_CN_4244223_G991C_A331P_embA	IGNORE	0	1	0	1	1
EMB	SNP_CN_4244237_C1005G_C335W_embA	IGNORE	0	2	0	2	2
EMB	SNP_CN_4244237_C1005G_C335W_embA	Table-10-snp	0	2	0	2	2
EMB	SNP_CN_4244472_G1240A_V414M_embA	Table-10-snp	0	1	0	1	1
EMB	SNP_CN_4244737_A1505G_Y502C_embA	Table-10-snp	0	1	0	1	1
EMB	SNP_CN_4244667_G1435A_V479M_embA	Table-10-snp	1	1	0	2	2
EMB	SNP_CN_4244664_A1432G_T478A_embA	Table-10-snp	0	2	0	2	2
EMB	SNP_CN_4244635_T1403C_V468A_embA	Table-10-snp	1	14	0	15	15
EMB	SNP_CN_4244610_G1378A_A460T_embA	Table-10-snp	0	3	0	3	3
EMB	SNP_CN_4244545_C1313T_A438V_embA	IGNORE	0	1	0	1	1
EMB	SNP_CN_4244515_C1283T_A428V_embA	Table-10-snp	0	1	0	1	1
EMB	SNP_CN_4244403_G1171C_V391L_embA	Table-10-snp	1	2	0	3	3
EMB	SNP_CN_4244286_G1054A_G352S_embA	IGNORE	0	1	0	1	1
EMB	SNP_CN_4244403_G1171C_V391L_embA	IGNORE	0	1	0	1	1
EMB	SNP_CN_4244403_G1171A_V391I_embA	IGNORE	0	1	0	1	1
EMB	SNP_CN_4244379_C1147T_P383S_embA	Table-10-snp	1	22	0	23	23
EMB	SNP_CN_4244364_G1132A_G378S_embA	Table-10-snp	0	1	0	1	1
EMB	SNP_CN_4244350_T1118C_L373P_embA	Table-10-snp	0	6	0	6	6
EMB	SNP_CN_4244329_C1097A_A366E_embA	Table-10-snp	1	0	0	1	1
EMB	SNP_CN_4244320_C1088T_T363I_embA	Table-10-snp	0	1	0	1	1
EMB	SNP_CN_4244020_T788C_L263P_embA	IGNORE	0	1	0	1	1
EMB	SNP_CN_4243996_C764T_A255V_embA	Table-10-snp	0	1	0	1	1
EMB	SNP_CN_4243324_T92C_V31A_embA	IGNORE	0	4	0	4	4
EMB	SNP_CN_4243995_G763T_A255S_embA	Table-10-snp	1	0	0	1	1
EMB	SNP_CN_4243697_A465G_I155M_embA	Table-10-snp	0	2	0	2	2
EMB	SNP_CN_4243692_G460A_G154S_embA	Table-10-snp	4	2	0	6	6
EMB	SNP_CN_4243590_G358A_D120N_embA	Table-10-snp	2	0	0	2	2
EMB	SNP_CN_4243570_C338G_T113R_embA	Table-10-snp	0	1	0	1	1
EMB	SNP_CN_4243566_G334C_D112H_embA	IGNORE	0	3	0	3	3
EMB	SNP_CN_4243557_G325A_A109T_embA	IGNORE	0	1	0	1	1
EMB	SNP_CN_4243461_T229C_S77P_embA	IGNORE	0	2	0	2	2
EMB	SNP_CN_4243456_C224T_P75L_embA	IGNORE	0	1	0	1	1
EMB	SNP_CN_4243419_G187A_V63I_embA	IGNORE	0	4	0	4	4
EMB	SNP_CN_4243401_C169G_Q57E_embA	Table-10-snp	0	1	0	1	1
EMB	SNP_CN_4243398_A166C_T56P_embA	Table-10-snp	0	1	0	1	1
EMB	SNP_CN_4243393_A161G_N54S_embA	IGNORE	0	2	0	2	2
EMB	SNP_CN_4243392_A160G_N54D_embA	AJRCCM/Table-10-snp	40	1	0	41	41
EMB	SNP_CN_4243379_C147A_S49R_embA	Table-10-snp	0	1	0	1	1
EMB	SNP_CN_4243378_G146C_S49T_embA	Table-10-snp	0	2	0	2	2
EMB	SNP_CN_4243336_C104A_P35Q_embA	IGNORE	0	1	0	1	1
EMB	SNP_CN_4243324_T92C_V31A_embA	Table-10-snp	0	1	0	1	1
EMB	SNP_CN_4243701_G469T_G157C_embA	Table-10-snp	0	2	0	2	2
EMB	SNP_CN_4243702_G470A_G157D_embA	Table-10-snp	1	0	0	1	1
EMB	SNP_CN_4243714_C482T_T161I_embA	IGNORE	0	1	0	1	1
EMB	SNP_CN_4243875_C643A_L215M_embA	IGNORE	0	1	0	1	1
EMB	SNP_CN_4243977_G745A_A249T_embA	Table-10-snp	1	0	0	1	1
EMB	SNP_CN_4243969_T737C_V246A_embA	Table-10-snp	0	1	0	1	1
EMB	SNP_CN_4243945_C713G_T238S_embA	Table-10-snp	0	1	0	1	1
EMB	SNP_CN_4243945_C713A_T238N_embA	IGNORE	0	2	0	2	2
EMB	SNP_CN_4243929_C697A_L233M_embA	Table-10-snp	0	2	0	2	2
EMB	SNP_CN_4243919_G687T_R229S_embA	Table-10-snp	1	0	0	1	1
EMB	SNP_CN_4243876_T644C_L215P_embA	Table-10-snp	0	1	0	1	1
EMB	SNP_CN_4243833_G601A_A201T_embA	Table-10-snp	0	3	0	3	3
EMB	SNP_CN_4243730_G498C_K166N_embA	Table-10-snp	0	7	0	7	7
EMB	SNP_CN_4243833_G601A_A201T_embA	IGNORE	0	23	0	23	23
EMB	SNP_CN_4243831_G599C_G200A_embA	IGNORE	0	1	0	1	1
EMB	SNP_CN_4243830_G598A_G200S_embA	Table-10-snp	1	0	0	1	1
EMB	SNP_CN_4243818_A586G_I196V_embA	IGNORE	0	1	0	1	1
EMB	SNP_CN_4243803_A571G_I191V_embA	Table-10-snp	0	1	0	1	1
EMB	SNP_CN_4243770_G538C_G180R_embA	IGNORE	0	1	0	1	1
EMB	SNP_CN_4243759_A527C_D176A_embA	Table-10-snp	0	1	0	1	1
EMB	SNP_CN_4241580_T1718C_I573T_embC	IGNORE	0	2	0	2	2
EMB	SNP_CN_4240490_C628T_P210S_embC	Table-10-snp	0	1	0	1	1
EMB	SNP_CN_4241532_T1670C_I557T_embC	Table-10-snp	0	2	0	2	2
EMB	SNP_CN_410518_G1157A_G386D_iniB	Table-10-snp	1	0	0	1	1
EMB	SNP_CN_409867_G506A_G169D_iniB	Table-10-snp	0	1	0	1	1
EMB	SNP_CN_409845_C484G_L162V_iniB	Table-10-snp	0	2	0	2	2
EMB	SNP_CN_409840_C479A_T160K_iniB	Table-10-snp	0	1	0	1	1
EMB	SNP_CN_409825_G464T_G155V_iniB	Table-10-snp	2	0	0	2	2
EMB	SNP_CN_409768_T407C_V136A_iniB	Table-10-snp	0	2	0	2	2
EMB	SNP_CN_409762_C401G_A134G_iniB	Table-10-snp	0	1	0	1	1
EMB	SNP_CN_409752_G391C_G131R_iniB	Table-10-snp	0	1	0	1	1
EMB	SNP_CN_409716_C355T_L119F_iniB	Table-10-snp	1	0	0	1	1
EMB	SNP_CN_409702_A341G_Q114R_iniB	Table-10-snp	0	5	0	5	5
EMB	SNP_CN_409695_C334G_L112V_iniB	Table-10-snp	0	2	0	2	2
EMB	SNP_CN_409666_G305T_G102V_iniB	Table-10-snp	1	0	0	1	1
EMB	SNP_CN_409614_G253A_G85S_iniB	Table-10-snp	0	2	0	2	2
EMB	SNP_CN_409603_T242C_V81A_iniB	Table-10-snp	0	1	0	1	1
EMB	SNP_CN_409594_T233G_V78G_iniB	Table-10-snp	0	1	0	1	1
EMB	SNP_CN_409592_C231A_D77E_iniB	Table-10-snp	0	1	0	1	1
EMB	SNP_CN_409569_G208A_A70T_iniB	AJRCCM/Table-10-snp	72	25	0	97	97
EMB	SNP_CN_409516_G155T_G52V_iniB	Table-10-snp	1	0	0	1	1
EMB	SNP_CN_409873_G512A_G171D_iniB	Table-10-snp	0	1	0	1	1
EMB	SNP_CN_409906_C545T_A182V_iniB	Table-10-snp	2	0	0	2	2
EMB	SNP_CN_409908_G547A_G183S_iniB	Table-10-snp	0	2	0	2	2
EMB	SNP_CN_410250_G889A_G297S_iniB	Table-10-snp	0	1	0	1	1
EMB	SNP_CN_410476_C1115G_A372G_iniB	Table-10-snp	0	3	0	3	3
EMB	SNP_CN_410459_T1098G_S366R_iniB	Table-10-snp	0	4	0	4	4
EMB	SNP_CN_410431_T1070G_L357R_iniB	Table-10-snp	0	1	0	1	1
EMB	SNP_CN_410392_C1031A_A344E_iniB	Table-10-snp	0	1	0	1	1
EMB	SNP_CN_410367_G1006A_G336R_iniB	Table-10-snp	0	1	0	1	1
EMB	SNP_CN_410280_T919G_L307V_iniB	Table-10-snp	2	3	0	5	5
EMB	SNP_CN_410260_G899A_G300D_iniB	Table-10-snp	0	1	0	1	1
EMB	SNP_CN_410140_T779C_L260S_iniB	Table-10-snp	0	3	0	3	3
EMB	SNP_CN_409932_G571A_A191T_iniB	Table-10-snp	0	1	0	1	1
EMB	SNP_CN_410106_A745C_S249R_iniB	Table-10-snp	0	1	0	1	1
EMB	SNP_CN_410083_G722A_G241E_iniB	Table-10-snp	0	2	0	2	2
EMB	SNP_CN_410038_G677T_G226V_iniB	Table-10-snp	1	0	0	1	1
EMB	SNP_CN_410025_G664A_A222T_iniB	Table-10-snp	0	1	0	1	1
EMB	SNP_CN_410019_G658T_V220F_iniB	Table-10-snp	0	1	0	1	1
EMB	SNP_CN_410005_C644T_A215V_iniB	Table-10-snp	0	1	0	1	1
EMB	SNP_CN_409948_C587T_A196V_iniB	Table-10-snp	0	5	0	5	5
EMB	SNP_CN_409512_C151T_P51S_iniB	Table-10-snp	0	1	0	1	1
EMB	SNP_CN_409482_C121G_Q41E_iniB	Table-10-snp	0	1	0	1	1
EMB	SNP_CN_409441_G80T_R27L_iniB	Table-10-snp	0	2	0	2	2
EMB	DEL_CF_409581_d219T_74_iniB	Table-10-snp	3	0	0	3	3
EMB	DEL_P_4243191_d42CAT_promoter-embA-embB	Table-10-snp	1	0	0	1	1
EMB	DEL_P_4243190_d43G_promoter-embA-embB	Table-10-snp	1	0	0	1	1
EMB	DEL_CF_410754_d1392C_465_iniB	Table-10-snp	1	0	0	1	1
EMB	DEL_CF_410519_d1157C_386_iniB	Table-10-snp	0	2	0	2	2
EMB	DEL_CF_410280_d918T_307_iniB	Table-10-snp	1	38	0	39	39
EMB	DEL_CF_410111_d749C_250_iniB	Table-10-snp	1	0	0	1	1
EMB	DEL_CF_409883_d521TGGCCTGGGTCTGGGTGGTCAGGCCGGCGGTGTGATCGGTGGGAGCGCGGCCGGGGCTATCGGTGCCGGCGTCGGCGGTCGCCTAGGCGGCAATGGCCAGATCGGAGTTGCCGGCCAGGGTGCCGTTGGCGCTGGTGTCGGCGCTGGTGTCGGCGGCCAGGCGGGCATCGCTAGCCAGATCGGTGTCTCAGCCGGTGGTGGGCTCGGCGGCGTCGGCAATGTCAGCGGCCTGACCGGGGTCAGCAGCAACGCAGTGTTGGCTTCCAACGCAAGCGGCCAGGCGGGGTTGATCGCCAGTGAAGGCGCTGCCTTGAACGGCGCTGCTATGCCTCATCTGTCGGGCCCGTTAGCCGGTGTCGGTGTGGGTGGTCAGGCCGGCGCCGCTGGCGGCGCCGGGTTGGGCTTCGGAGCGGTCGGGCACCCGACTCCTCAGCCGGCGGCCCTGGGCGCGGCTGGCGTGGTGGCCAAGACCGAGGCGGCTGCTGGAGTGGTTGGCGGGGTCGGCGGGGCAACCGCGGCCGGGGTCGGCGGGGCACACGGCGACATCCTGGGCCACGAGGGAGCCGCACTGGGCAGTGTCGACACGGTCAACGCCGGTGTCACGCCCGTCGAGCATGGCTTGGTCCTGCCCAGTGGCCCCCTGATCCACGGCGGTACCGGCGGCTATGGCGGCATGAACCCGCCAGTGACCGATGCGCCGGCACCGCAAGTTCCGGCGCGGGCCCAGCCGATGACCACGGCGGCCGAGCACACGCCGGCGGTTACCCAACCGCAGCACACGCCGGTCGAGCCGCCGGTCCACGATAAGCCGCCGAGCCATTCGGTGTTTGACGTCGGTCACGAGCCGCCGGTGACGCACACGCCGCCGGCGCCCATCGAACTGCCGTCGTACGGCCTTTTCGGACTACCCGGGTTCTGATTCGCGAGCCGATTTCACGAACCGGTGGGGACGTTCATGGTCCCCGCCGGTTTGTGCGCATACCGTGATCTGAGGCGTAAACGAGCGAGAAAGTGGGGCGACACGGTGACCCAGCCCGATGACCCACGTCGGGTCGGTGTGATCGTCGAACTGATCGATCACACTATCGCCATCGCCAAACTGAACGAGCGTGGTGATCTAGTACAGCGGTTGACGCGGGCTCGCCAGCGGATCACCGACCCGCAGGTCCGTGTGGTGATCGCCGGGCTGCTCAAACAGGGCAAGAGT_174_iniB	Table-10-snp	1	0	0	1	1
EMB	DEL_CF_409538_d176C_59_iniB	Table-10-snp	0	1	0	1	1
EMB	DEL_P_4243196_d37T_promoter-embA-embB	Table-10-snp	0	1	0	1	1
EMB	DEL_CD_4249456_d2942GCA_981_embB	Table-10-snp	0	2	0	2	2
EMB	DEL_CD_4246691_d177CAG_60_embB	Table-10-snp	0	1	0	1	1
EMB	DEL_CD_4245278_d2045CCGCATCTTGGC_682_embA	Table-10-snp	0	2	0	2	2
EMB	DEL_CD_410372_d1010GGTTGGCGGGGTCGGCGGGGCAACCGCGGCCGG_337_iniB	Table-10-snp	1	0	0	1	1
EMB	DEL_CD_410026_d664CTGGTGTCGGCG_222_iniB	Table-10-snp	3	4	0	7	7
EMB	DEL_CD_410010_d648GGCGCTGGTGTC_217_iniB	Table-10-snp	4	4	0	8	8
EMB	SNP_CN_4244831_C1599A_F533L_embA	Table-10-snp	1	0	0	1	1
EMB	DEL_P_4243193_d40TCC_promoter-embA-embB	Table-10-snp	0	1	0	1	1
EMB	DEL_P_4243199_d34C_promoter-embA-embB	Table-10-snp	2	1	0	3	3
EMB	SNP_CN_409411_C50T_A17V_iniB	Table-10-snp	0	1	0	1	1
EMB	INS_CI_4247423_i909CTG_304L_embB	Table-10-snp	1	0	0	1	1
EMB	SNP_CN_409405_A44C_E15A_iniB	Table-10-snp	0	2	0	2	2
EMB	SNP_CN_409399_G38T_R13L_iniB	Table-10-snp	1	1	0	2	2
EMB	SNP_CN_409364_G3A_M1I_iniB	Table-10-snp	0	4	0	4	4
EMB	LSP_CN_410008_TTGGCGCTGGTGTCGGCGCTGGTGTCGGCGGCCAGGC647-683TCGGCGCTGGTGTCGGCGGCCAGGCGGGCATCGCTAG_VGAGVGAGVGGQA216-228VGAGVGGQAGIAR_iniB&DEL_CF_410047_d685GGGCATCGCTAGCCAGATCGGTGTCT_229_iniB	Table-10-snp	0	4	0	4	4
EMB	LSP_CN_409998_CAGGG637-641CCGGT_QG213-214PV_iniB&INS_CF_410005_i643GGCAGCACCGGGTTTGGCCCGTGCGCCGCCCTTCGTACAGCAAATCCCGCTGGCCGGCGTCGACCACGCCGCCCAGCACCGAATCGGT_215GQHRVWPVRRPSYSKSRWPASTTPPSTES_iniB	Table-10-snp	0	1	0	1	1
EMB	LSP_CN_409556_GCAGG195-199GTGCG_RQA65-67RCA_iniB&INS_CF_409564_i202ATCCAGCTCACGGCGCACCAGGATCGCCGACAAGGAGGACGTCGACTGCCACCTTCGTCTTTTCCAGCTCACTGGCGGAGATGGCCGACGACTACGACGAGGCCTGGATGCTCAACACCGTGTCGCCGGTGGATCCTCAAAATGCCGTGCTCGGCGGTCGTGGTCAGCCACTGCT_68DPAHGAPGSPTRRTSTATFVFSSSLAEMADDYDEAWMLNTVSPVDPQNAVLGGRGQPL_iniB	Table-10-snp	0	1	0	1	1
EMB	INS_P_4243219_i.14-5TACCATCGAG_promoter-embA-embB	Table-10-snp	1	0	0	1	1
EMB	INS_CI_4245956_i2723GGG_908L_embA	IGNORE	0	1	0	1	1
EMB	DEL_P_4243201_d32G_promoter-embA-embB	Table-10-snp	2	1	0	3	3
EMB	INS_CI_4242499_i2636CGAGCAGCGGGACAG_879SEQRD_embC	IGNORE	0	1	0	1	1
EMB	INS_CF_410246_i884G_295V_iniB	Table-10-snp	0	1	0	1	1
EMB	INS_CF_409760_i398T_133A_iniB	Table-10-snp	1	14	0	15	15
EMB	INS_CF_409548_i186G_63G_iniB	Table-10-snp	0	4	0	4	4
EMB	DEL_P_4243207_d26A_promoter-embA-embB	Table-10-snp	1	0	0	1	1
EMB	DEL_P_4243205_d28T_promoter-embA-embB	Table-10-snp	2	3	0	5	5
EMB	DEL_P_4243204_d29CT_promoter-embA-embB	Table-10-snp	1	0	0	1	1
EMB	SNP_CN_410482_T1121C_V374A_iniB	Table-10-snp	0	4	0	4	4
EMB	SNP_CN_410533_G1172A_G391D_iniB	Table-10-snp	0	1	0	1	1
EMB	SNP_CN_4241504_G1642A_V548M_embC	Table-10-snp	0	1	0	1	1
EMB	SNP_CN_410560_A1199C_N400T_iniB	Table-10-snp	0	2	0	2	2
EMB	SNP_CN_4240968_A1106G_H369R_embC	Table-10-snp	0	3	0	3	3
EMB	SNP_CN_4240949_G1087A_V363I_embC	Table-10-snp	0	1	0	1	1
EMB	SNP_CN_4240926_G1064T_C355F_embC	IGNORE	0	1	0	1	1
EMB	SNP_CN_4240914_T1052C_M351T_embC	Table-10-snp	2	0	0	2	2
EMB	SNP_CN_4240871_G1009A_V337I_embC	Table-10-snp	0	1	0	1	1
EMB	SNP_CN_4240847_G985A_D329N_embC	IGNORE	0	1	0	1	1
EMB	SNP_CN_4240814_G952A_G318S_embC	Table-10-snp	1	0	0	1	1
EMB	SNP_CN_4240781_G919A_A307T_embC	Table-10-snp	0	1	0	1	1
EMB	SNP_CN_4240769_G907T_V303L_embC	Table-10-snp	0	1	0	1	1
EMB	SNP_CN_4240720_C858G_F286L_embC	Table-10-snp	0	1	0	1	1
EMB	SNP_CN_4240664_T802A_W268R_embC	IGNORE	0	1	0	1	1
EMB	SNP_CN_4240616_G754C_D252H_embC	Table-10-snp	0	1	0	1	1
EMB	SNP_CN_4240581_T719C_L240P_embC	IGNORE	0	1	0	1	1
EMB	SNP_CN_4240572_G710C_G237A_embC	IGNORE	0	4	0	4	4
EMB	SNP_CN_4240569_T707C_L236P_embC	Table-10-snp	0	1	0	1	1
EMB	SNP_CN_4240562_A700C_M234L_embC	Table-10-snp	0	1	0	1	1
EMB	SNP_CN_4240557_C695T_A232V_embC	Table-10-snp	0	1	0	1	1
EMB	SNP_CN_4240973_G1111A_V371I_embC	Table-10-snp	1	0	0	1	1
EMB	SNP_CN_4241010_G1148A_G383D_embC	IGNORE	0	1	0	1	1
EMB	SNP_CN_4241016_T1154C_F385S_embC	Table-10-snp	2	0	0	2	2
EMB	SNP_CN_4241318_C1456A_P486T_embC	Table-10-snp	0	1	0	1	1
EMB	SNP_CN_4241489_G1627A_A543T_embC	Table-10-snp	0	1	0	1	1
EMB	SNP_CN_4241465_T1603C_F535L_embC	Table-10-snp	3	1	0	4	4
EMB	SNP_CN_4241465_T1603A_F535I_embC	Table-10-snp	0	1	0	1	1
EMB	SNP_CN_4241395_G1533C_K511N_embC	IGNORE	0	1	0	1	1
EMB	SNP_CN_4241353_C1491G_I497M_embC	IGNORE	0	3	0	3	3
EMB	SNP_CN_4241335_G1473T_Q491H_embC	Table-10-snp	0	1	0	1	1
EMB	SNP_CN_4241331_A1469G_D490G_embC	IGNORE	0	1	0	1	1
EMB	SNP_CN_4241267_G1405A_V469M_embC	IGNORE	0	1	0	1	1
EMB	SNP_CN_4241022_C1160T_A387V_embC	Table-10-snp	3	2	0	5	5
EMB	SNP_CN_4241241_T1379G_L460R_embC	Table-10-snp	0	1	0	1	1
EMB	SNP_CN_4241237_A1375G_I459V_embC	Table-10-snp	0	1	0	1	1
EMB	SNP_CN_4241164_G1302C_L434F_embC	Table-10-snp	0	3	0	3	3
EMB	SNP_CN_4241111_G1249A_V417M_embC	Table-10-snp	0	2	0	2	2
EMB	SNP_CN_4241111_G1249A_V417M_embC	IGNORE	0	2	0	2	2
EMB	SNP_CN_4241094_G1232A_C411Y_embC	Table-10-snp	1	0	0	1	1
EMB	SNP_CN_4241093_T1231C_C411R_embC	IGNORE	0	1	0	1	1
EMB	SNP_CN_4240535_A673C_S225R_embC	IGNORE	0	1	0	1	1
EMB	SNP_CN_4240523_C661T_R221C_embC	Table-10-snp	0	1	0	1	1
EMB	SNP_CN_4240515_T653C_V218A_embC	Table-10-snp	0	1	0	1	1
EMB	SNP_CN_410769_T1408C_S470P_iniB	Table-10-snp	0	2	0	2	2
EMB	SNP_CN_4239902_C40A_L14I_embC	IGNORE	0	1	0	1	1
EMB	SNP_CN_4239893_G31A_A11T_embC	IGNORE	0	1	0	1	1
EMB	SNP_CN_4239891_T29C_I10T_embC	IGNORE	0	1	0	1	1
EMB	SNP_CN_4239888_G26A_R9H_embC	Table-10-snp	0	1	0	1	1
EMB	SNP_CN_4239887_C25T_R9C_embC	IGNORE	0	1	0	1	1
EMB	SNP_CN_4239863_A1G_M1V_embC	Table-10-snp	2	1	0	3	3
EMB	SNP_CN_410778_C1417T_L473F_iniB	Table-10-snp	0	1	0	1	1
EMB	SNP_CN_410694_C1333T_P445S_iniB	Table-10-snp	0	1	0	1	1
EMB	SNP_CN_4239915_C53T_S18F_embC	IGNORE	0	4	0	4	4
EMB	SNP_CN_410684_C1323A_H441Q_iniB	Table-10-snp	0	2	0	2	2
EMB	SNP_CN_410653_C1292G_P431R_iniB	Table-10-snp	0	1	0	1	1
EMB	SNP_CN_410643_G1282T_V428F_iniB	Table-10-snp	0	1	0	1	1
EMB	SNP_CN_410617_C1256A_T419N_iniB	Table-10-snp	0	1	0	1	1
EMB	SNP_CN_410611_C1250G_P417R_iniB	Table-10-snp	0	2	0	2	2
EMB	SNP_CN_410587_C1226T_P409L_iniB	Table-10-snp	0	1	0	1	1
EMB	SNP_CN_410563_C1202T_P401L_iniB	Table-10-snp	0	1	0	1	1
EMB	SNP_CN_4239908_T46C_S16P_embC	Table-10-snp	0	1	0	1	1
EMB	SNP_CN_4239944_A82G_I28V_embC	IGNORE	0	1	0	1	1
EMB	SNP_CN_4240500_G638A_S213N_embC	Table-10-snp	0	1	0	1	1
EMB	SNP_CN_4240142_C280G_L94V_embC	Table-10-snp	2	0	0	2	2
EMB	SNP_CN_4240500_G638A_S213N_embC	IGNORE	0	1	0	1	1
EMB	SNP_CN_4240390_T528G_N176K_embC	Table-10-snp	0	1	0	1	1
EMB	SNP_CN_4240355_G493A_A165T_embC	IGNORE	0	3	0	3	3
EMB	SNP_CN_4240310_C448T_P150S_embC	Table-10-snp	1	0	0	1	1
EMB	SNP_CN_4240242_A380G_N127S_embC	Table-10-snp	0	1	0	1	1
EMB	SNP_CN_4240208_G346A_A116T_embC	Table-10-snp	0	1	0	1	1
EMB	SNP_CN_4240164_G302C_G101A_embC	Table-10-snp	0	1	0	1	1
EMB	SNP_CN_4240142_C280G_L94V_embC	IGNORE	0	2	0	2	2
EMB	SNP_CN_4239959_G97A_A33T_embC	IGNORE	0	2	0	2	2
EMB	SNP_CN_4240137_C275G_A92G_embC	Table-10-snp	0	1	0	1	1
EMB	SNP_CN_4240064_G202A_A68T_embC	Table-10-snp	1	0	0	1	1
EMB	SNP_CN_4240061_T199G_F67V_embC	IGNORE	0	1	0	1	1
EMB	SNP_CN_4240024_G162C_Q54H_embC	Table-10-snp	0	1	0	1	1
EMB	SNP_CN_4239999_C137T_A46V_embC	IGNORE	0	1	0	1	1
EMB	SNP_CN_4239987_T125C_V42A_embC	Table-10-snp	0	1	0	1	1
EMB	SNP_CN_4239983_G121T_A41S_embC	Table-10-snp	0	1	0	1	1
EMB	SNP_CN_4244823_G1591C_V531L_embA	Table-10-snp	0	3	0	3	3
EMB	DEL_CD_410007_d645GTTGGCGCTGGT_216_iniB	Table-10-snp	11	67	0	78	78
EMB	SNP_CN_4244832_G1600A_V534M_embA	Table-10-snp	0	1	0	1	1
EMB	SNP_CN_4248516_T2003C_V668A_embB	Table-10-snp	0	1	0	1	1
EMB	SNP_CN_4248209_G1696A_V566M_embB	Table-10-snp	0	2	0	2	2
EMB	SNP_CN_4248200_A1687C_I563L_embB	Table-10-snp	0	6	0	6	6
EMB	SNP_CN_4248195_A1682G_K561R_embB	Table-10-snp	0	1	0	1	1
EMB	SNP_CN_4248187_G1674C_L558F_embB	Table-10-snp	0	2	0	2	2
EMB	SNP_CN_4248184_G1671C_M557I_embB	Table-10-snp	0	2	0	2	2
EMB	SNP_CN_4248184_G1671A_M557I_embB	Table-10-snp	0	1	0	1	1
EMB	SNP_CN_4248152_G1639T_A547S_embB	Table-10-snp	0	3	0	3	3
EMB	SNP_CN_4248150_C1637T_T546I_embB	Table-10-snp	1	0	0	1	1
EMB	SNP_CN_4248149_A1636G_T546A_embB	Table-10-snp	0	1	0	1	1
EMB	SNP_CN_4248125_T1612C_S538P_embB	Table-10-snp	1	0	0	1	1
EMB	SNP_CN_4248095_C1582G_L528V_embB	Table-10-snp	0	2	0	2	2
EMB	SNP_CN_4248041_G1528A_A510T_embB	Table-10-snp	0	3	0	3	3
EMB	SNP_CN_4248025_A1512T_E504D_embB	Table-10-snp	1	0	0	1	1
EMB	SNP_CN_4248025_A1512C_E504D_embB	Table-10-snp	1	1	0	2	2
EMB	SNP_CN_4248024_A1511G_E504G_embB	Table-10-snp	2	0	0	2	2
EMB	SNP_CN_4248006_C1493A_T498N_embB	Table-10-snp	0	1	0	1	1
EMB	SNP_CN_4248005_A1492T_T498S_embB	Table-10-snp	1	0	0	1	1
EMB	SNP_CN_4248254_A1741G_T581A_embB	Table-10-snp	2	0	0	2	2
EMB	SNP_CN_4248315_C1802G_A601G_embB	Table-10-snp	2	0	0	2	2
EMB	SNP_CN_4248317_G1804A_V602I_embB	Table-10-snp	0	1	0	1	1
EMB	SNP_CN_4248441_C1928T_T643I_embB	Table-10-snp	1	2	0	3	3
EMB	SNP_CN_4248506_G1993A_G665R_embB	Table-10-snp	0	1	0	1	1
EMB	SNP_CN_4248487_C1974A_S658R_embB	Table-10-snp	0	1	0	1	1
EMB	SNP_CN_4248486_G1973A_S658N_embB	Table-10-snp	0	1	0	1	1
EMB	SNP_CN_4248482_A1969G_N657D_embB	Table-10-snp	0	1	0	1	1
EMB	SNP_CN_4248477_C1964A_P655Q_embB	Table-10-snp	0	1	0	1	1
EMB	SNP_CN_4248450_G1937T_W646L_embB	Table-10-snp	1	0	0	1	1
EMB	SNP_CN_4248444_A1931T_N644I_embB	Table-10-snp	1	0	0	1	1
EMB	SNP_CN_4248437_A1924G_T642A_embB	Table-10-snp	4	1	0	5	5
EMB	SNP_CN_4248318_T1805C_V602A_embB	Table-10-snp	1	1	0	2	2
EMB	SNP_CN_4248427_G1914C_L638F_embB	Table-10-snp	0	3	0	3	3
EMB	SNP_CN_4248409_A1896C_L632F_embB	Table-10-snp	0	1	0	1	1
EMB	SNP_CN_4248396_T1883C_F628S_embB	Table-10-snp	0	1	0	1	1
EMB	SNP_CN_4248371_C1858T_R620C_embB	Table-10-snp	0	3	0	3	3
EMB	SNP_CN_4248365_G1852A_V618M_embB	Table-10-snp	0	1	0	1	1
EMB	SNP_CN_4248320_G1807C_G603R_embB	Table-10-snp	2	1	0	3	3
EMB	SNP_CN_4248320_G1807A_G603R_embB	Table-10-snp	2	5	0	7	7
EMB	SNP_CN_4248004_G1491T_Q497H_embB	AJRCCM/Table-10-snp	5	1	0	6	6
EMB	SNP_CN_4248004_G1491C_Q497H_embB	AJRCCM/Table-10-snp	3	3	0	6	6
EMB	SNP_CN_4248003_A1490G_Q497R_embB	AJRCCM/Table-10-snp	111	54	0	165	165
EMB	SNP_CN_4247717_C1204G_L402V_embB	Table-10-snp	8	7	0	15	15
EMB	SNP_CN_4247738_G1225C_A409P_embB	Table-10-snp	5	3	0	8	8
EMB	SNP_CN_4247730_G1217C_G406A_embB	AJRCCM/Table-10-snp	95	40	0	135	135
EMB	SNP_CN_4247730_G1217A_G406D_embB	AJRCCM/Table-10-snp	62	47	0	109	109
EMB	SNP_CN_4247729_G1216T_G406C_embB	AJRCCM/Table-10-snp	3	1	0	4	4
EMB	SNP_CN_4247729_G1216A_G406S_embB	AJRCCM/Table-10-snp	55	15	0	70	70
EMB	SNP_CN_4247728_G1215C_E405D_embB	Table-10-snp	8	1	0	9	9
EMB	SNP_CN_4247723_C1210T_P404S_embB	Table-10-snp	1	0	0	1	1
EMB	SNP_CN_4247712_A1199G_N400S_embB	Table-10-snp	0	3	0	3	3
EMB	SNP_CN_4247777_T1264C_S422P_embB	Table-10-snp	0	1	0	1	1
EMB	SNP_CN_4247709_A1196C_N399T_embB	Table-10-snp	3	0	0	3	3
EMB	SNP_CN_4247702_C1189A_P397T_embB	Table-10-snp	11	6	0	17	17
EMB	SNP_CN_4247701_G1188A_M396I_embB	Table-10-snp	1	2	0	3	3
EMB	SNP_CN_4247676_C1163T_A388V_embB	Table-10-snp	0	1	0	1	1
EMB	SNP_CN_4247670_C1157A_A386E_embB	Table-10-snp	0	4	0	4	4
EMB	SNP_CN_4247646_A1133G_E378G_embB	Table-10-snp	0	2	0	2	2
EMB	SNP_CN_4247636_C1123T_P375S_embB	Table-10-snp	0	1	0	1	1
EMB	SNP_CN_4247747_T1234C_S412P_embB	Table-10-snp	2	0	0	2	2
EMB	SNP_CN_4247781_T1268C_M423T_embB	Table-10-snp	10	6	0	16	16
EMB	SNP_CN_4248003_A1490C_Q497P_embB	AJRCCM/Table-10-snp	10	4	0	14	14
EMB	SNP_CN_4247880_T1367C_V456A_embB	Table-10-snp	4	0	0	4	4
EMB	SNP_CN_4248002_C1489A_Q497K_embB	AJRCCM/Table-10-snp	24	17	0	41	41
EMB	SNP_CN_4247999_G1486A_D496N_embB	Table-10-snp	0	2	0	2	2
EMB	SNP_CN_4247990_G1477A_V493M_embB	Table-10-snp	1	0	0	1	1
EMB	SNP_CN_4247979_T1466G_I489S_embB	Table-10-snp	0	1	0	1	1
EMB	SNP_CN_4247979_T1466C_I489T_embB	Table-10-snp	0	2	0	2	2
EMB	SNP_CN_4247898_T1385C_M462T_embB	Table-10-snp	0	1	0	1	1
EMB	SNP_CN_4247897_A1384C_M462L_embB	Table-10-snp	0	1	0	1	1
EMB	SNP_CN_4247873_G1360A_A454T_embB	Table-10-snp	1	0	0	1	1
EMB	SNP_CN_4247802_C1289T_P430L_embB	Table-10-snp	0	1	0	1	1
EMB	SNP_CN_4247864_G1351A_A451T_embB	Table-10-snp	0	1	0	1	1
EMB	SNP_CN_4247862_T1349G_I450S_embB	Table-10-snp	1	0	0	1	1
EMB	SNP_CN_4247861_A1348C_I450L_embB	Table-10-snp	3	0	0	3	3
EMB	SNP_CN_4247858_C1345A_L449M_embB	Table-10-snp	1	0	0	1	1
EMB	SNP_CN_4247847_A1334G_Q445R_embB	Table-10-snp	4	0	0	4	4
EMB	SNP_CN_4247825_G1312A_A438T_embB	Table-10-snp	0	1	0	1	1
EMB	SNP_CN_4247808_C1295T_A432V_embB	Table-10-snp	0	1	0	1	1
EMB	SNP_CN_4248515_G2002A_V668I_embB	Table-10-snp	1	10	0	11	11
EMB	SNP_CN_4248540_T2027C_F676S_embB	Table-10-snp	0	1	0	1	1
EMB	SNP_CN_4247595_G1082C_C361S_embB	Table-10-snp	0	3	0	3	3
EMB	SNP_CN_4248548_G2035A_A679T_embB	Table-10-snp	1	0	0	1	1
EMB	SNP_CN_4249803_G3290C_G1097A_embB	Table-10-snp	0	1	0	1	1
EMB	SNP_CN_4249802_G3289A_G1097S_embB	Table-10-snp	0	1	0	1	1
EMB	SNP_CN_4249778_T3265C_W1089R_embB	Table-10-snp	1	0	0	1	1
EMB	SNP_CN_4249773_G3260A_G1087D_embB	Table-10-snp	1	0	0	1	1
EMB	SNP_CN_4249760_G3247A_A1083T_embB	Table-10-snp	0	1	0	1	1
EMB	SNP_CN_4249757_A3244G_T1082A_embB	Table-10-snp	4	29	0	33	33
EMB	SNP_CN_4249724_G3211T_V1071F_embB	Table-10-snp	0	1	0	1	1
EMB	SNP_CN_4249718_A3205C_T1069P_embB	Table-10-snp	0	1	0	1	1
EMB	SNP_CN_4249689_G3176C_R1059P_embB	Table-10-snp	0	1	0	1	1
EMB	SNP_CN_4249681_C3168G_D1056E_embB	Table-10-snp	0	1	0	1	1
EMB	SNP_CN_4249680_A3167C_D1056A_embB	Table-10-snp	1	0	0	1	1
EMB	SNP_CN_4249673_T3160C_S1054P_embB	Table-10-snp	0	18	0	18	18
EMB	SNP_CN_4249660_G3147A_M1049I_embB	Table-10-snp	0	2	0	2	2
EMB	SNP_CN_4249655_G3142A_V1048I_embB	Table-10-snp	0	2	0	2	2
EMB	SNP_CN_4249653_A3140C_H1047P_embB	Table-10-snp	0	1	0	1	1
EMB	SNP_CN_4249622_C3109A_L1037I_embB	Table-10-snp	0	2	0	2	2
EMB	SNP_CN_4249583_G3070A_D1024N_embB	AJRCCM/Table-10-snp	37	19	0	56	56
EMB	SNP_CZ_409482_C121T_Q41*_iniB	Table-10-snp	0	2	0	2	2
EMB	SNP_CZ_410649_C1288T_Q430*_iniB	Table-10-snp	0	1	0	1	1
EMB	SNP_P_4243157_G76C_promoter-embA-embB	Table-10-snp	5	32	0	37	37
EMB	SNP_P_4243221_C12A_promoter-embA-embB	Table-10-snp	11	6	0	17	17
EMB	SNP_P_4243228_G5T_promoter-embA-embB	Table-10-snp	1	0	0	1	1
EMB	SNP_P_4243225_C8T_promoter-embA-embB	AJRCCM/Table-10-snp	20	3	0	23	23
EMB	SNP_P_4243225_C8G_promoter-embA-embB	AJRCCM/Table-10-snp	1	0	0	1	1
EMB	SNP_P_4243225_C8A_promoter-embA-embB	AJRCCM/Table-10-snp	4	4	0	8	8
EMB	SNP_P_4243222_C11T_promoter-embA-embB	AJRCCM/Table-10-snp	4	3	0	7	7
EMB	SNP_P_4243222_C11A_promoter-embA-embB	AJRCCM/Table-10-snp	23	7	0	30	30
EMB	SNP_P_4243221_C12T_promoter-embA-embB	Table-10-snp	57	27	0	84	84
EMB	SNP_P_4243218_C15G_promoter-embA-embB	Table-10-snp	7	6	0	13	13
EMB	SNP_P_4243160_C73T_promoter-embA-embB	Table-10-snp	0	1	0	1	1
EMB	SNP_P_4243217_C16T_promoter-embA-embB	Table-10-snp	42	28	0	70	70
EMB	SNP_P_4243217_C16G_promoter-embA-embB	Table-10-snp	31	15	0	46	46
EMB	SNP_P_4243217_C16A_promoter-embA-embB	Table-10-snp	16	6	0	22	22
EMB	SNP_P_4243216_G17A_promoter-embA-embB	Table-10-snp	0	3	0	3	3
EMB	SNP_P_4243190_G43C_promoter-embA-embB	Table-10-snp	25	8	0	33	33
EMB	SNP_P_4243185_G48C_promoter-embA-embB	Table-10-snp	0	2	0	2	2
EMB	SNP_P_4243174_C59A_promoter-embA-embB	Table-10-snp	0	2	0	2	2
EMB	SNP_CN_4249571_G3058T_A1020S_embB	Table-10-snp	0	1	0	1	1
EMB	SNP_CN_4249547_T3034C_F1012L_embB	Table-10-snp	0	6	0	6	6
EMB	SNP_CN_4249545_A3032C_K1011T_embB	Table-10-snp	0	1	0	1	1
EMB	SNP_CN_4248705_C2192T_P731L_embB	Table-10-snp	1	6	0	7	7
EMB	SNP_CN_4248972_A2459C_K820T_embB	Table-10-snp	0	2	0	2	2
EMB	SNP_CN_4248962_G2449A_A817T_embB	Table-10-snp	4	6	0	10	10
EMB	SNP_CN_4248903_C2390T_T797M_embB	Table-10-snp	0	4	0	4	4
EMB	SNP_CN_4248902_A2389G_T797A_embB	Table-10-snp	2	0	0	2	2
EMB	SNP_CN_4248840_C2327T_P776L_embB	Table-10-snp	0	3	0	3	3
EMB	SNP_CN_4248830_T2317C_S773P_embB	Table-10-snp	3	2	0	5	5
EMB	SNP_CN_4248756_G2243A_G748E_embB	Table-10-snp	0	1	0	1	1
EMB	SNP_CN_4248659_G2146C_A716P_embB	Table-10-snp	0	1	0	1	1
EMB	SNP_CN_4249007_C2494T_P832S_embB	Table-10-snp	0	3	0	3	3
EMB	SNP_CN_4248614_G2101A_A701T_embB	Table-10-snp	0	3	0	3	3
EMB	SNP_CN_4248593_G2080A_G694S_embB	Table-10-snp	0	1	0	1	1
EMB	SNP_CN_4248590_G2077A_A693T_embB	Table-10-snp	0	1	0	1	1
EMB	SNP_CN_4248570_T2057C_L686P_embB	Table-10-snp	0	1	0	1	1
EMB	SNP_CN_4248561_C2048T_A683V_embB	Table-10-snp	0	1	0	1	1
EMB	SNP_CN_4248551_G2038A_A680T_embB	Table-10-snp	0	3	0	3	3
EMB	SNP_CN_4248549_C2036T_A679V_embB	Table-10-snp	1	0	0	1	1
EMB	SNP_CN_4248982_T2469G_S823R_embB	Table-10-snp	0	1	0	1	1
EMB	SNP_CN_4249019_G2506A_G836R_embB	Table-10-snp	0	2	0	2	2
EMB	SNP_CN_4249538_A3025C_I1009L_embB	Table-10-snp	1	0	0	1	1
EMB	SNP_CN_4249362_C2849T_A950V_embB	Table-10-snp	0	1	0	1	1
EMB	SNP_CN_4249531_C3018G_I1006M_embB	Table-10-snp	0	3	0	3	3
EMB	SNP_CN_4249524_A3011C_N1004T_embB	Table-10-snp	0	1	0	1	1
EMB	SNP_CN_4249518_A3005G_H1002R_embB	AJRCCM/Table-10-snp	20	6	0	26	26
EMB	SNP_CN_4249512_T2999G_M1000R_embB	Table-10-snp	0	1	0	1	1
EMB	SNP_CN_4249428_G2915A_R972H_embB	Table-10-snp	1	0	0	1	1
EMB	SNP_CN_4249424_C2911A_L971M_embB	Table-10-snp	0	1	0	1	1
EMB	SNP_CN_4249364_G2851C_E951Q_embB	Table-10-snp	0	1	0	1	1
EMB	SNP_CN_4249302_G2789A_R930H_embB	Table-10-snp	0	1	0	1	1
EMB	SNP_CN_4249031_G2518C_A840P_embB	Table-10-snp	0	1	0	1	1
EMB	SNP_CN_4249251_C2738T_A913V_embB	Table-10-snp	0	1	0	1	1
EMB	SNP_CN_4249232_C2719T_P907S_embB	Table-10-snp	0	1	0	1	1
EMB	SNP_CN_4249158_A2645C_K882T_embB	Table-10-snp	0	1	0	1	1
EMB	SNP_CN_4249121_G2608A_D870N_embB	Table-10-snp	0	1	0	1	1
EMB	SNP_CN_4249118_G2605C_D869H_embB	Table-10-snp	0	1	0	1	1
EMB	SNP_CN_4249094_G2581A_A861T_embB	Table-10-snp	0	1	0	1	1
EMB	SNP_CN_4249071_A2558C_Q853P_embB	Table-10-snp	0	3	0	3	3
EMB	SNP_CN_4247622_T1109G_L370R_embB	Table-10-snp	0	1	0	1	1
EMB	SNP_CN_4247595_G1082A_C361Y_embB	Table-10-snp	2	0	0	2	2
EMB	SNP_CN_4244833_T1601G_V534G_embA	Table-10-snp	2	0	0	2	2
EMB	SNP_CN_4246665_A152C_Q51P_embB	Table-10-snp	0	1	0	1	1
EMB	SNP_CN_4246113_G2881T_V961F_embA	Table-10-snp	0	1	0	1	1
EMB	SNP_CN_4246085_G2853T_E951D_embA	Table-10-snp	3	4	0	7	7
EMB	SNP_CN_4246085_G2853T_E951D_embA	IGNORE	0	5	0	5	5
EMB	SNP_CN_4245963_G2731A_V911I_embA	IGNORE	0	1	0	1	1
EMB	SNP_CN_4245945_A2713G_I905V_embA	Table-10-snp	6	1	0	7	7
EMB	SNP_CN_4245934_C2702T_P901L_embA	Table-10-snp	0	1	0	1	1
EMB	SNP_CN_4245934_C2702T_P901L_embA	IGNORE	0	2	0	2	2
EMB	SNP_CN_4245883_G2651A_G884D_embA	Table-10-snp	6	3	0	9	9
EMB	SNP_CN_4245832_C2600T_P867L_embA	Table-10-snp	1	0	0	1	1
EMB	SNP_CN_4245825_G2593A_D865N_embA	Table-10-snp	1	2	0	3	3
EMB	SNP_CN_4245811_C2579T_P860L_embA	Table-10-snp	0	1	0	1	1
EMB	SNP_CN_4245787_C2555T_A852V_embA	IGNORE	0	1	0	1	1
EMB	SNP_CN_4245786_G2554T_A852S_embA	Table-10-snp	0	1	0	1	1
EMB	SNP_CN_4245757_G2525A_S842N_embA	Table-10-snp	0	1	0	1	1
EMB	SNP_CN_4245670_C2438G_A813G_embA	Table-10-snp	3	17	0	20	20
EMB	SNP_CN_4245655_A2423C_D808A_embA	Table-10-snp	2	0	0	2	2
EMB	SNP_CN_4245621_G2389C_A797P_embA	Table-10-snp	1	0	0	1	1
EMB	SNP_CN_4246165_T2933G_L978W_embA	IGNORE	0	1	0	1	1
EMB	SNP_CN_4246243_A3011C_Q1004P_embA	IGNORE	0	7	0	7	7
EMB	SNP_CN_4246255_T3023C_L1008P_embA	Table-10-snp	0	1	0	1	1
EMB	SNP_CN_4246512_C3280T_P1094S_embA	IGNORE	0	1	0	1	1
EMB	SNP_CN_4246622_G109A_G37S_embB	Table-10-snp	0	3	0	3	3
EMB	SNP_CN_4246583_C70T_R24C_embB	Table-10-snp	0	1	0	1	1
EMB	SNP_CN_4246559_A46C_I16L_embB	Table-10-snp	0	1	0	1	1
EMB	SNP_CN_4246554_G41A_R14Q_embB	Table-10-snp	0	2	0	2	2
EMB	SNP_CN_4246551_A38G_N13S_embB	Table-10-snp	3	18	0	21	21
EMB	SNP_CN_4246533_G20C_R7T_embB	Table-10-snp	0	2	0	2	2
EMB	SNP_CN_4246520_C7G_Q3E_embB	Table-10-snp	0	1	0	1	1
EMB	SNP_CN_4246485_G3253A_G1085S_embA	IGNORE	0	1	0	1	1
EMB	SNP_CN_4246275_G3043A_A1015T_embA	IGNORE	0	1	0	1	1
EMB	SNP_CN_4246464_G3232A_V1078M_embA	Table-10-snp	0	1	0	1	1
EMB	SNP_CN_4246390_A3158G_D1053G_embA	IGNORE	0	1	0	1	1
EMB	SNP_CN_4246380_T3148G_W1050G_embA	Table-10-snp	0	1	0	1	1
EMB	SNP_CN_4246320_T3088C_F1030L_embA	IGNORE	0	1	0	1	1
EMB	SNP_CN_4246281_T3049G_S1017A_embA	IGNORE	0	1	0	1	1
EMB	SNP_CN_4246278_G3046T_A1016S_embA	IGNORE	0	1	0	1	1
EMB	SNP_CN_4246275_G3043A_A1015T_embA	Table-10-snp	0	6	0	6	6
EMB	SNP_CN_4245582_G2350A_D784N_embA	IGNORE	0	1	0	1	1
EMB	SNP_CN_4245567_G2335C_E779Q_embA	IGNORE	0	2	0	2	2
EMB	SNP_CN_4245551_A2319C_K773N_embA	IGNORE	0	1	0	1	1
EMB	SNP_CN_4245003_A1771G_T591A_embA	IGNORE	0	1	0	1	1
EMB	SNP_CN_4245166_C1934A_P645Q_embA	IGNORE	0	4	0	4	4
EMB	SNP_CN_4245147_C1915T_P639S_embA	Table-10-snp	1	16	0	17	17
EMB	SNP_CN_4245136_A1904G_Y635C_embA	Table-10-snp	1	0	0	1	1
EMB	SNP_CN_4245025_A1793G_H598R_embA	Table-10-snp	2	2	0	4	4
EMB	SNP_CN_4245025_A1793G_H598R_embA	IGNORE	0	1	0	1	1
EMB	SNP_CN_4245018_G1786A_G596S_embA	Table-10-snp	0	3	0	3	3
EMB	SNP_CN_4245015_A1783G_I595V_embA	Table-10-snp	0	1	0	1	1
EMB	SNP_CN_4244976_G1744A_G582R_embA	Table-10-snp	0	1	0	1	1
EMB	SNP_CN_4245187_C1955A_T652K_embA	Table-10-snp	1	4	0	5	5
EMB	SNP_CN_4244963_C1731G_F577L_embA	Table-10-snp	1	0	0	1	1
EMB	SNP_CN_4244958_G1726A_A576T_embA	Table-10-snp	1	2	0	3	3
EMB	SNP_CN_4244925_T1693C_F565L_embA	Table-10-snp	0	1	0	1	1
EMB	SNP_CN_4244904_G1672C_V558L_embA	IGNORE	0	5	0	5	5
EMB	SNP_CN_4244893_G1661A_G554D_embA	Table-10-snp	2	0	0	2	2
EMB	SNP_CN_4244865_G1633C_A545P_embA	IGNORE	0	1	0	1	1
EMB	SNP_CN_4244835_C1603G_L535V_embA	Table-10-snp	2	0	0	2	2
EMB	SNP_CN_4245166_C1934A_P645Q_embA	Table-10-snp	0	1	0	1	1
EMB	SNP_CN_4245187_C1955G_T652R_embA	Table-10-snp	1	0	0	1	1
EMB	SNP_CN_4245519_C2287T_P763S_embA	Table-10-snp	0	3	0	3	3
EMB	SNP_CN_4245321_A2089G_M697V_embA	Table-10-snp	1	0	0	1	1
EMB	SNP_CN_4245514_A2282G_D761G_embA	Table-10-snp	0	1	0	1	1
EMB	SNP_CN_4245513_G2281A_D761N_embA	Table-10-snp	0	1	0	1	1
EMB	SNP_CN_4245507_G2275A_G759R_embA	Table-10-snp	1	2	0	3	3
EMB	SNP_CN_4245432_G2200A_A734T_embA	Table-10-snp	0	1	0	1	1
EMB	SNP_CN_4245415_C2183T_T728I_embA	IGNORE	0	5	0	5	5
EMB	SNP_CN_4245325_T2093C_V698A_embA	IGNORE	0	1	0	1	1
EMB	SNP_CN_4245324_G2092A_V698I_embA	IGNORE	0	3	0	3	3
EMB	SNP_CN_4245321_A2089G_M697V_embA	IGNORE	0	3	0	3	3
EMB	SNP_CN_4245193_C1961T_S654L_embA	Table-10-snp	2	0	0	2	2
EMB	SNP_CN_4245298_C2066T_P689L_embA	IGNORE	0	1	0	1	1
EMB	SNP_CN_4245280_G2048T_R683L_embA	Table-10-snp	0	1	0	1	1
EMB	SNP_CN_4245264_G2032A_D678N_embA	IGNORE	0	1	0	1	1
EMB	SNP_CN_4245250_A2018G_H673R_embA	IGNORE	0	1	0	1	1
EMB	SNP_CN_4245226_A1994G_H665R_embA	Table-10-snp	0	2	0	2	2
EMB	SNP_CN_4245225_C1993T_H665Y_embA	Table-10-snp	0	2	0	2	2
EMB	SNP_CN_4245209_G1977C_L659F_embA	Table-10-snp	0	3	0	3	3
EMB	SNP_CN_4246662_T149C_V50A_embB	Table-10-snp	2	0	0	2	2
EMB	SNP_CN_4246688_C175A_P59T_embB	Table-10-snp	0	2	0	2	2
EMB	SNP_CN_4247574_A1061G_D354G_embB	AJRCCM/Table-10-snp	1	1	0	2	2
EMB	SNP_CN_4246697_G184C_G62R_embB	Table-10-snp	0	1	0	1	1
EMB	SNP_CN_4247469_A956C_Y319S_embB	Table-10-snp	41	10	0	51	51
EMB	SNP_CN_4247468_T955G_Y319D_embB	Table-10-snp	2	0	0	2	2
EMB	SNP_CN_4247463_C950T_S317F_embB	Table-10-snp	0	1	0	1	1
EMB	SNP_CN_4247457_A944G_Y315C_embB	Table-10-snp	1	1	0	2	2
EMB	SNP_CN_4247445_A932C_D311A_embB	Table-10-snp	0	3	0	3	3
EMB	SNP_CN_4247431_G918T_M306I_embB	AJRCCM/Table-10-snp	41	14	0	55	55
EMB	SNP_CN_4247431_G918C_M306I_embB	AJRCCM/Table-10-snp	163	68	0	231	231
EMB	SNP_CN_4247431_G918A_M306I_embB	AJRCCM/Table-10-snp	337	171	0	508	508
EMB	SNP_CN_4247429_A916T_M306L_embB	AJRCCM/Table-10-snp	4	0	0	4	4
EMB	SNP_CN_4247429_A916G_M306V_embB	AJRCCM/Table-10-snp	749	268	0	1017	1017
EMB	SNP_CN_4247429_A916C_M306L_embB	AJRCCM/Table-10-snp	22	11	0	33	33
EMB	SNP_CN_4247426_G913T_G305C_embB	Table-10-snp	0	1	0	1	1
EMB	SNP_CN_4247412_A899G_D300G_embB	Table-10-snp	1	2	0	3	3
EMB	SNP_CN_4247402_T889G_S297A_embB	Table-10-snp	7	20	0	27	27
EMB	SNP_CN_4247399_A886C_N296H_embB	Table-10-snp	19	28	0	47	47
EMB	SNP_CN_4247368_C855A_F285L_embB	Table-10-snp	0	2	0	2	2
EMB	SNP_CN_4247360_G847A_V283M_embB	Table-10-snp	0	1	0	1	1
EMB	SNP_CN_4247469_A956G_Y319C_embB	Table-10-snp	11	4	0	15	15
EMB	SNP_CN_4247495_G982C_D328H_embB	AJRCCM/Table-10-snp	0	3	0	3	3
EMB	SNP_CN_4247495_G982T_D328Y_embB	AJRCCM/Table-10-snp	12	2	0	14	14
EMB	SNP_CN_4247552_A1039G_S347G_embB	Table-10-snp	1	0	0	1	1
EMB	SNP_CN_4247574_A1061C_D354A_embB	AJRCCM/Table-10-snp	227	208	0	435	435
EMB	SNP_CN_4247573_G1060A_D354N_embB	AJRCCM/Table-10-snp	1	2	0	3	3
EMB	SNP_CN_4247562_T1049C_M350T_embB	Table-10-snp	0	1	0	1	1
EMB	SNP_CN_4247556_T1043C_L348P_embB	Table-10-snp	0	1	0	1	1
EMB	SNP_CN_4247555_C1042G_L348V_embB	Table-10-snp	2	2	0	4	4
EMB	SNP_CN_4247553_G1040T_S347I_embB	Table-10-snp	3	0	0	3	3
EMB	SNP_CN_4247553_G1040C_S347T_embB	Table-10-snp	3	0	0	3	3
EMB	SNP_CN_4247545_C1032A_S344R_embB	Table-10-snp	0	1	0	1	1
EMB	SNP_CN_4247496_A983G_D328G_embB	AJRCCM/Table-10-snp	29	10	0	39	39
EMB	SNP_CN_4247537_C1024A_H342N_embB	Table-10-snp	0	1	0	1	1
EMB	SNP_CN_4247535_C1022T_T341I_embB	Table-10-snp	0	1	0	1	1
EMB	SNP_CN_4247535_C1022A_T341N_embB	Table-10-snp	0	2	0	2	2
EMB	SNP_CN_4247534_A1021G_T341A_embB	Table-10-snp	0	1	0	1	1
EMB	SNP_CN_4247533_G1020A_M340I_embB	Table-10-snp	0	3	0	3	3
EMB	SNP_CN_4247507_T994C_W332R_embB	Table-10-snp	1	3	0	4	4
EMB	SNP_CN_4247501_T988G_F330V_embB	Table-10-snp	0	1	0	1	1
EMB	SNP_CN_4247331_G818T_W273L_embB	Table-10-snp	0	1	0	1	1
EMB	SNP_CN_4247300_G787C_G263R_embB	Table-10-snp	0	1	0	1	1
EMB	SNP_CN_4247289_C776T_A259V_embB	Table-10-snp	0	1	0	1	1
EMB	SNP_CN_4246769_G256A_D86N_embB	Table-10-snp	0	1	0	1	1
EMB	SNP_CN_4246904_G391A_V131M_embB	Table-10-snp	4	6	0	10	10
EMB	SNP_CN_4246869_G356A_S119N_embB	Table-10-snp	0	1	0	1	1
EMB	SNP_CN_4246833_A320G_K107R_embB	Table-10-snp	0	2	0	2	2
EMB	SNP_CN_4246820_C307A_P103T_embB	Table-10-snp	0	3	0	3	3
EMB	SNP_CN_4246811_G298A_G100S_embB	Table-10-snp	0	3	0	3	3
EMB	SNP_CN_4246791_C278T_P93L_embB	Table-10-snp	0	2	0	2	2
EMB	SNP_CN_4246786_G273T_M91I_embB	Table-10-snp	0	1	0	1	1
EMB	SNP_CN_4246761_T248C_V83A_embB	Table-10-snp	0	1	0	1	1
EMB	SNP_CN_4246941_C428T_P143L_embB	Table-10-snp	0	7	0	7	7
EMB	SNP_CN_4246747_C234A_D78E_embB	Table-10-snp	0	1	0	1	1
EMB	SNP_CN_4246746_A233G_D78G_embB	Table-10-snp	0	3	0	3	3
EMB	SNP_CN_4246734_T221G_L74R_embB	Table-10-snp	13	5	0	18	18
EMB	SNP_CN_4246734_T221C_L74P_embB	Table-10-snp	4	1	0	5	5
EMB	SNP_CN_4246728_T215G_I72S_embB	Table-10-snp	1	0	0	1	1
EMB	SNP_CN_4246727_A214C_I72L_embB	Table-10-snp	1	0	0	1	1
EMB	SNP_CN_4246712_G199T_V67L_embB	Table-10-snp	0	1	0	1	1
EMB	SNP_CN_4246916_G403A_V135M_embB	Table-10-snp	0	1	0	1	1
EMB	SNP_CN_4246952_C439T_R147C_embB	Table-10-snp	0	1	0	1	1
EMB	SNP_CN_4247270_C757A_L253I_embB	Table-10-snp	0	1	0	1	1
EMB	SNP_CN_4247126_A613G_T205A_embB	Table-10-snp	0	3	0	3	3
EMB	SNP_CN_4247249_G736C_G246R_embB	Table-10-snp	0	5	0	5	5
EMB	SNP_CN_4247207_G694C_A232P_embB	Table-10-snp	0	1	0	1	1
EMB	SNP_CN_4247204_G691A_V231I_embB	Table-10-snp	0	1	0	1	1
EMB	SNP_CN_4247202_T689C_V230A_embB	Table-10-snp	0	1	0	1	1
EMB	SNP_CN_4247196_C683T_A228V_embB	Table-10-snp	0	1	0	1	1
EMB	SNP_CN_4247174_G661A_A221T_embB	Table-10-snp	0	1	0	1	1
EMB	SNP_CN_4247136_C623T_T208I_embB	Table-10-snp	0	1	0	1	1
EMB	SNP_CN_4247121_C608T_S203L_embB	Table-10-snp	0	8	0	8	8
EMB	SNP_CN_4246959_A446C_E149A_embB	Table-10-snp	0	3	0	3	3
EMB	SNP_CN_4247076_T563C_V188A_embB	Table-10-snp	0	2	0	2	2
EMB	SNP_CN_4247070_T557C_V186A_embB	Table-10-snp	0	1	0	1	1
EMB	SNP_CN_4247057_C544T_R182C_embB	Table-10-snp	0	1	0	1	1
EMB	SNP_CN_4247013_C500G_P167R_embB	Table-10-snp	1	0	0	1	1
EMB	SNP_CN_4247008_G495C_K165N_embB	Table-10-snp	2	0	0	2	2
EMB	SNP_CN_4246996_C483A_F161L_embB	Table-10-snp	0	1	0	1	1
EMB	SNP_CN_4246979_G466T_G156C_embB	Table-10-snp	3	18	0	21	21
EMB	DEL_CD_409896_d534GGT_179_iniB	Table-10-snp	0	1	0	1	1